0.7482993197278917 1.0 0.4915254237288136 0.3877551020408163 0.0 0.0 0.0 0.1272727272727273 0.0 1.0 0.9642857142857142 0.0 0.0 0.05263157894736842 0.05263157894736842 0.0 0.0 0.0 0.0 0.0 0.0 0.17142857142857135 0.7142857142857143 0.10526315789473684 0.10526315789473684 0.13793103448275862 0.13793103448275862 0.0 0.0 0.0 0.0 
0.9183673469387752 0.0 0.05084745762711865 0.0 0.0 0.32163742690058483 0.0 0.1272727272727273 0.0 1.0 0.9642857142857142 0.0 0.0 0.05263157894736842 0.05263157894736842 0.0 0.0 0.0 0.0 0.23325892857142858 0.0 0.9642857142857142 0.9642857142857142 0.05263157894736842 0.05263157894736842 0.0 0.0 0.0 0.0 0.0 0.0 
0.9183673469387754 1.0 0.05084745762711865 0.0 0.0 0.0 0.0 0.1272727272727273 0.0 1.0 0.9642857142857142 0.0 0.0 0.05263157894736842 0.05263157894736842 0.0 0.0 0.0 0.0 0.23325892857142858 0.0 0.9642857142857142 0.9642857142857142 0.05263157894736842 0.05263157894736842 0.0 0.0 0.0 0.0 0.0 0.0 
0.9183673469387752 0.0 0.05084745762711865 0.0 0.0 0.32163742690058483 0.0 0.1272727272727273 0.0 1.0 0.9642857142857142 0.0 0.0 0.05263157894736842 0.05263157894736842 0.0 0.0 0.0 0.0 0.23325892857142858 0.0 0.9642857142857142 0.9642857142857142 0.05263157894736842 0.05263157894736842 0.0 0.0 0.0 0.0 0.0 0.0 
0.9183673469387752 0.0 0.05084745762711865 0.0 0.0 0.32163742690058483 0.0 0.1272727272727273 0.0 1.0 0.9642857142857142 0.0 0.0 0.05263157894736842 0.05263157894736842 0.0 0.0 0.0 0.0 0.23325892857142858 0.0 0.9642857142857142 0.9642857142857142 0.05263157894736842 0.05263157894736842 0.0 0.0 0.0 0.0 0.0 0.0 
0.8163265306122449 0.2441860465116279 0.6610169491525424 0.3877551020408163 0.0 0.0 0.0 0.1272727272727273 0.0 0.8888888888888891 0.8571428571428572 0.13793103448275862 0.13793103448275862 0.10526315789473684 0.10526315789473684 0.0 0.0 0.0 0.0 0.0 0.0 0.17142857142857135 0.8571428571428572 1.0 0.2 0.2413793103448276 0.13793103448275862 0.0 0.08 0.4 0.0 
0.8163265306122431 0.0 0.6610169491525424 0.3877551020408163 0.0 0.0009569377990430616 0.0 0.1272727272727273 0.0 0.8888888888888891 0.8571428571428572 0.13793103448275862 0.13793103448275862 0.10526315789473684 0.10526315789473684 0.0 0.0 0.0 0.0 0.0 0.0 0.17142857142857135 0.8571428571428572 1.0 0.2 0.2413793103448276 0.13793103448275862 0.0 0.08 0.4 0.0 
0.6802721088435371 0.2222222222222222 0.0847457627118644 0.08163265306122448 0.0 0.02014294996751137 0.0 0.1272727272727273 0.0 0.8888888888888891 0.8571428571428572 0.13793103448275862 0.13793103448275862 0.10526315789473684 0.10526315789473684 0.0 0.0 0.0 0.0 0.007969576719576722 0.014814814814814815 0.7142857142857143 0.7142857142857143 0.10526315789473684 0.10526315789473684 0.13793103448275862 0.13793103448275862 0.027777777777777776 0.1 0.3 0.0 
0.9183673469387754 0.0 0.05084745762711865 0.0 0.0 0.0 0.0 0.1272727272727273 0.0 0.8888888888888891 0.8571428571428572 0.13793103448275862 0.13793103448275862 0.10526315789473684 0.10526315789473684 0.0 0.0 0.0 0.0 0.0 0.0 0.17142857142857135 0.7142857142857143 0.10526315789473684 0.10526315789473684 0.13793103448275862 0.13793103448275862 0.0 0.0 0.0 0.0 
0.6122448979591838 0.5 0.15254237288135594 0.1836734693877551 0.0 0.0 0.0 0.1272727272727273 0.0 0.8888888888888891 0.8571428571428572 0.13793103448275862 0.13793103448275862 0.10526315789473684 0.10526315789473684 0.0 0.0 0.0 0.0 0.00865800865800866 0.030303030303030304 0.7142857142857143 0.7142857142857143 0.10526315789473684 0.10526315789473684 0.13793103448275862 0.13793103448275862 0.0 0.0 0.0 0.0 
0.9183673469387754 0.0 0.05084745762711865 0.0 0.0 0.0 0.0 0.1272727272727273 0.0 0.8888888888888891 0.8571428571428572 0.13793103448275862 0.13793103448275862 0.10526315789473684 0.10526315789473684 0.0 0.0 0.0 0.0 0.0 0.0 0.17142857142857135 0.7142857142857143 0.10526315789473684 0.10526315789473684 0.13793103448275862 0.13793103448275862 0.0 0.0 0.0 0.0 
0.0 0.0 0.01694915254237288 0.08163265306122448 0.0 0.15204678362573099 0.0 0.1272727272727273 0.0 0.8888888888888891 0.8571428571428572 0.13793103448275862 0.13793103448275862 0.10526315789473684 0.10526315789473684 0.0 0.0 0.0 0.0 0.0 0.0 0.17142857142857135 0.8571428571428572 1.0 0.2 0.2413793103448276 0.13793103448275862 0.0 0.08 0.4 0.0 
0.8163265306122434 0.5121951219512195 0.3220338983050847 0.1836734693877551 0.0 0.056910569105691054 0.04878048780487805 0.1272727272727273 0.0 0.8888888888888891 0.8571428571428572 0.13793103448275862 0.13793103448275862 0.10526315789473684 0.10526315789473684 0.0 0.0 0.0 0.0 0.05248257839721255 0.04878048780487805 0.8571428571428572 0.8571428571428572 0.47368421052631576 0.47368421052631576 0.3103448275862069 0.3103448275862069 0.0 0.13333333333333333 0.2 0.0 
0.7142857142857156 0.16666666666666666 0.6610169491525424 0.5918367346938775 0.0 0.0 0.0 0.1272727272727273 0.0 0.8888888888888891 0.8571428571428572 0.13793103448275862 0.13793103448275862 0.10526315789473684 0.10526315789473684 0.0 0.0 0.0 0.0 0.0 0.0 0.17142857142857135 0.7142857142857143 0.10526315789473684 0.10526315789473684 0.13793103448275862 0.13793103448275862 0.0 0.0 0.0 0.0 
0.8163265306122454 0.9090909090909091 0.6610169491525424 0.3877551020408163 0.0 0.0 0.0 0.1272727272727273 0.0 0.8888888888888891 0.8571428571428572 0.13793103448275862 0.13793103448275862 0.10526315789473684 0.10526315789473684 0.0 0.0 0.0 0.0 0.0 0.0 0.17142857142857135 0.7142857142857143 0.10526315789473684 0.10526315789473684 0.13793103448275862 0.13793103448275862 0.0 0.0 0.0 0.0 
0.8163265306122449 0.2441860465116279 0.6610169491525424 0.3877551020408163 0.0 0.0 0.0 0.1272727272727273 0.0 0.8888888888888891 0.8571428571428572 0.13793103448275862 0.13793103448275862 0.10526315789473684 0.10526315789473684 0.0 0.0 0.0 0.0 0.0 0.0 0.17142857142857135 0.8571428571428572 1.0 0.2 0.2413793103448276 0.13793103448275862 0.0 0.08 0.4 0.0 
0.6802721088435373 0.08 0.0847457627118644 0.08163265306122448 0.0 0.023157894736842106 0.04 0.1272727272727273 0.0 0.8888888888888891 0.8571428571428572 0.13793103448275862 0.13793103448275862 0.10526315789473684 0.10526315789473684 0.0 0.0 0.0 0.0 0.00865800865800866 0.030303030303030304 0.7142857142857143 0.7142857142857143 0.10526315789473684 0.10526315789473684 0.13793103448275862 0.13793103448275862 0.0 0.0 0.0 0.0 
0.5102040816326531 0.25 0.05084745762711865 0.08163265306122448 0.0 0.2368421052631579 0.25 0.1272727272727273 0.0 0.8888888888888891 0.8571428571428572 0.13793103448275862 0.13793103448275862 0.10526315789473684 0.10526315789473684 0.0 0.0 0.0 0.0 0.23325892857142858 0.25 0.5357142857142857 0.5357142857142857 0.05263157894736842 0.05263157894736842 0.13793103448275862 0.13793103448275862 0.0 0.0 0.0 0.0 
0.7482993197278917 1.0 0.4915254237288136 0.3877551020408163 0.0 0.0 0.0 0.1272727272727273 0.0 0.8888888888888891 0.8571428571428572 0.13793103448275862 0.13793103448275862 0.10526315789473684 0.10526315789473684 0.0 0.0 0.0 0.0 0.0 0.0 0.17142857142857135 0.7142857142857143 0.10526315789473684 0.10526315789473684 0.13793103448275862 0.13793103448275862 0.0 0.0 0.0 0.0 
0.6802721088435377 0.06666666666666667 0.0847457627118644 0.08163265306122448 0.0 0.050292397660818715 0.06666666666666667 0.1272727272727273 0.0 0.8888888888888891 0.8571428571428572 0.13793103448275862 0.13793103448275862 0.10526315789473684 0.10526315789473684 0.0 0.0 0.0 0.0 0.07991071428571431 0.1 0.6785714285714285 0.7142857142857143 0.10526315789473684 0.10526315789473684 0.13793103448275862 0.13793103448275862 1.0 0.0 0.0 0.5 
0.9183673469387756 0.5 0.05084745762711865 0.0 0.0 0.0 0.0 0.1272727272727273 0.0 0.8888888888888891 0.8571428571428572 0.13793103448275862 0.13793103448275862 0.10526315789473684 0.10526315789473684 0.0 0.0 0.0 0.0 0.0 0.0 0.17142857142857135 0.7142857142857143 0.10526315789473684 0.10526315789473684 0.13793103448275862 0.13793103448275862 0.0 0.0 0.0 0.0 
0.5102040816326531 0.18181818181818182 0.05084745762711865 0.08163265306122448 0.0 0.02870813397129187 0.0 0.1272727272727273 0.2 1.0 0.9642857142857142 0.0 0.0 0.05263157894736842 0.05263157894736842 0.5 0.0 0.0 0.0 0.06657608695652174 0.06521739130434782 0.5357142857142857 0.5357142857142857 0.05263157894736842 0.05263157894736842 0.13793103448275862 0.13793103448275862 0.2857142857142857 0.0 0.0 0.0 
0.34013605442176886 0.2 0.0847457627118644 0.1836734693877551 0.0 0.0 0.0 0.1272727272727273 0.2 1.0 0.9642857142857142 0.0 0.0 0.05263157894736842 0.05263157894736842 0.5 0.0 0.0 0.0 0.12372448979591837 0.0 0.3571428571428573 0.3571428571428573 0.10526315789473684 0.10526315789473684 0.3103448275862069 0.3103448275862069 0.0 0.0 0.0 0.0 
0.9183673469387754 1.0 0.05084745762711865 0.0 0.0 0.4912280701754386 0.5 0.1272727272727273 0.2 1.0 0.9642857142857142 0.0 0.0 0.05263157894736842 0.05263157894736842 0.5 0.0 0.0 0.0 0.48883928571428575 0.5 0.9642857142857142 0.9642857142857142 0.05263157894736842 0.05263157894736842 0.0 0.0 0.5 0.0 0.0 0.0 
0.9183673469387754 1.0 0.05084745762711865 0.0 0.0 0.4912280701754386 0.5 0.1272727272727273 0.2 1.0 0.9642857142857142 0.0 0.0 0.05263157894736842 0.05263157894736842 0.5 0.0 0.0 0.0 0.48883928571428575 0.5 0.9642857142857142 0.9642857142857142 0.05263157894736842 0.05263157894736842 0.0 0.0 0.5 0.0 0.0 0.0 
0.6802721088435375 0.0 0.0847457627118644 0.08163265306122448 0.0 0.0 0.0 0.1272727272727273 0.2 1.0 0.9642857142857142 0.0 0.0 0.05263157894736842 0.05263157894736842 0.5 0.0 0.0 0.0 0.07991071428571431 0.1 0.6785714285714285 0.7142857142857143 0.10526315789473684 0.10526315789473684 0.13793103448275862 0.13793103448275862 1.0 0.0 0.0 0.5 
0.6802721088435366 0.6486486486486487 0.0847457627118644 0.08163265306122448 0.0 0.14746325272641062 0.13513513513513514 0.27272727272727276 0.3333333333333333 0.5555555555555556 0.5357142857142857 0.13793103448275862 0.13793103448275862 0.05263157894736842 0.05263157894736842 0.0 0.0 0.0 0.0 0.1480654761904762 0.10606060606060606 0.6883116883116882 0.7142857142857143 0.21052631578947367 0.14354066985645933 0.2006269592476489 0.13793103448275862 0.10526315789473684 0.0 0.0 0.0 
0.5102040816326531 0.25 0.05084745762711865 0.08163265306122448 0.0 0.2368421052631579 0.25 0.27272727272727276 0.3333333333333333 0.5555555555555556 0.5357142857142857 0.13793103448275862 0.13793103448275862 0.05263157894736842 0.05263157894736842 0.0 0.0 0.0 0.0 0.23325892857142858 0.25 0.5357142857142857 0.5357142857142857 0.05263157894736842 0.05263157894736842 0.13793103448275862 0.13793103448275862 0.0 0.0 0.0 0.0 
0.6802721088435366 0.6486486486486487 0.0847457627118644 0.08163265306122448 0.0 0.14746325272641062 0.13513513513513514 0.27272727272727276 0.3333333333333333 0.5555555555555556 0.5357142857142857 0.13793103448275862 0.13793103448275862 0.05263157894736842 0.05263157894736842 0.0 0.0 0.0 0.0 0.1480654761904762 0.10606060606060606 0.6883116883116882 0.7142857142857143 0.21052631578947367 0.14354066985645933 0.2006269592476489 0.13793103448275862 0.10526315789473684 0.0 0.0 0.0 
0.8163265306122431 0.16326530612244897 0.3220338983050847 0.1836734693877551 0.0 0.0 0.0 0.1272727272727273 0.0 0.8888888888888891 0.8571428571428572 0.13793103448275862 0.13793103448275862 0.10526315789473684 0.10526315789473684 0.0 0.0 0.0 0.0 0.0 0.0 0.17142857142857135 0.7142857142857143 0.10526315789473684 0.10526315789473684 0.13793103448275862 0.13793103448275862 0.0 0.0 0.0 0.0 
0.8163265306122449 0.2441860465116279 0.6610169491525424 0.3877551020408163 0.0 0.0 0.0 0.1272727272727273 0.0 0.8888888888888891 0.8571428571428572 0.13793103448275862 0.13793103448275862 0.10526315789473684 0.10526315789473684 0.0 0.0 0.0 0.0 0.0 0.0 0.17142857142857135 0.8571428571428572 1.0 0.2 0.2413793103448276 0.13793103448275862 0.0 0.08 0.4 0.0 
0.6802721088435366 0.3333333333333333 0.0847457627118644 0.08163265306122448 0.0 0.0346378767431399 0.05128205128205128 0.1272727272727273 0.0 0.8888888888888891 0.8571428571428572 0.13793103448275862 0.13793103448275862 0.10526315789473684 0.10526315789473684 0.0 0.0 0.0 0.0 0.10874542124542125 0.1282051282051282 0.7142857142857141 0.7142857142857143 0.10526315789473684 0.10526315789473684 0.13793103448275862 0.13793103448275862 0.10526315789473684 0.1 1.0 0.0 
0.0 0.0 0.01694915254237288 0.08163265306122448 0.0 0.15204678362573099 0.0 0.1272727272727273 0.0 0.8888888888888891 0.8571428571428572 0.13793103448275862 0.13793103448275862 0.10526315789473684 0.10526315789473684 0.0 0.0 0.0 0.0 0.0 0.0 0.17142857142857135 0.8571428571428572 1.0 0.2 0.2413793103448276 0.13793103448275862 0.0 0.08 0.4 0.0 
0.8163265306122449 0.2441860465116279 0.6610169491525424 0.3877551020408163 0.0 0.0 0.0 0.1272727272727273 0.0 0.8888888888888891 0.8571428571428572 0.13793103448275862 0.13793103448275862 0.10526315789473684 0.10526315789473684 0.0 0.0 0.0 0.0 0.0 0.0 0.17142857142857135 0.8571428571428572 1.0 0.2 0.2413793103448276 0.13793103448275862 0.0 0.08 0.4 0.0 
0.6802721088435373 0.0 0.0847457627118644 0.08163265306122448 0.0 0.0 0.0 0.1272727272727273 0.0 0.8888888888888891 0.8571428571428572 0.13793103448275862 0.13793103448275862 0.10526315789473684 0.10526315789473684 0.0 0.0 0.0 0.0 0.0 0.0 0.17142857142857135 0.7142857142857143 0.10526315789473684 0.10526315789473684 0.13793103448275862 0.13793103448275862 0.0 0.0 0.0 0.0 
0.8163265306122449 0.3333333333333333 0.3220338983050847 0.1836734693877551 0.0 0.0 0.0 0.1272727272727273 0.0 0.8888888888888891 0.8571428571428572 0.13793103448275862 0.13793103448275862 0.10526315789473684 0.10526315789473684 0.0 0.0 0.0 0.0 0.3457142857142857 0.36 0.5555555555555554 0.7142857142857143 0.10526315789473684 0.05847953216374269 0.13793103448275862 0.13793103448275862 0.2857142857142857 0.0 0.0 0.0 
0.6802721088435373 0.0 0.0847457627118644 0.08163265306122448 0.0 0.0 0.0 0.1272727272727273 0.0 0.8888888888888891 0.8571428571428572 0.13793103448275862 0.13793103448275862 0.10526315789473684 0.10526315789473684 0.0 0.0 0.0 0.0 0.0 0.0 0.17142857142857135 0.7142857142857143 0.10526315789473684 0.10526315789473684 0.13793103448275862 0.13793103448275862 0.0 0.0 0.0 0.0 
0.8163265306122442 0.48 0.3220338983050847 0.1836734693877551 0.0 0.0 0.0 0.1272727272727273 0.0 0.8888888888888891 0.8571428571428572 0.13793103448275862 0.13793103448275862 0.10526315789473684 0.10526315789473684 0.0 0.0 0.0 0.0 0.0 0.0 0.17142857142857135 0.7142857142857143 0.10526315789473684 0.10526315789473684 0.13793103448275862 0.13793103448275862 0.0 0.0 0.0 0.0 
0.6802721088435368 0.3333333333333333 0.0847457627118644 0.08163265306122448 0.0 0.0 0.0 0.1272727272727273 0.0 0.8888888888888891 0.8571428571428572 0.13793103448275862 0.13793103448275862 0.10526315789473684 0.10526315789473684 0.0 0.0 0.0 0.0 0.007969576719576722 0.014814814814814815 0.7142857142857143 0.7142857142857143 0.10526315789473684 0.10526315789473684 0.13793103448275862 0.13793103448275862 0.027777777777777776 0.1 0.3 0.0 
0.6122448979591836 0.14285714285714285 0.15254237288135594 0.1836734693877551 0.0 0.0 0.0 0.1272727272727273 0.0 0.8888888888888891 0.8571428571428572 0.13793103448275862 0.13793103448275862 0.10526315789473684 0.10526315789473684 0.0 0.0 0.0 0.0 0.0 0.0 0.17142857142857135 0.7142857142857143 0.10526315789473684 0.10526315789473684 0.13793103448275862 0.13793103448275862 0.0 0.0 0.0 0.0 
0.8163265306122449 0.0 0.15254237288135594 0.08163265306122448 0.0 0.0 0.0 0.1272727272727273 0.0 0.8888888888888891 0.8571428571428572 0.13793103448275862 0.13793103448275862 0.10526315789473684 0.10526315789473684 0.0 0.0 0.0 0.0 0.0 0.0 0.17142857142857135 0.7142857142857143 0.10526315789473684 0.10526315789473684 0.13793103448275862 0.13793103448275862 0.0 0.0 0.0 0.0 
0.8163265306122431 0.0 0.6610169491525424 0.3877551020408163 0.0 0.0009569377990430616 0.0 0.1272727272727273 0.0 0.8888888888888891 0.8571428571428572 0.13793103448275862 0.13793103448275862 0.10526315789473684 0.10526315789473684 0.0 0.0 0.0 0.0 0.0 0.0 0.17142857142857135 0.8571428571428572 1.0 0.2 0.2413793103448276 0.13793103448275862 0.0 0.08 0.4 0.0 
0.8163265306122454 0.5454545454545454 0.6610169491525424 0.3877551020408163 0.0 0.07496012759170653 0.0 0.1272727272727273 0.0 0.8888888888888891 0.8571428571428572 0.13793103448275862 0.13793103448275862 0.10526315789473684 0.10526315789473684 0.0 0.0 0.0 0.0 0.07061688311688313 0.0 0.8571428571428572 0.8571428571428572 1.0 1.0 0.6551724137931034 0.6551724137931034 0.0 0.0 0.0 0.0 
0.8163265306122454 0.0 0.3220338983050847 0.1836734693877551 0.0 0.0 0.0 0.1272727272727273 0.0 0.8888888888888891 0.8571428571428572 0.13793103448275862 0.13793103448275862 0.10526315789473684 0.10526315789473684 0.0 0.0 0.0 0.0 0.0 0.0 0.17142857142857135 0.7142857142857143 0.10526315789473684 0.10526315789473684 0.13793103448275862 0.13793103448275862 0.0 0.0 0.0 0.0 
0.8163265306122434 0.5121951219512195 0.3220338983050847 0.1836734693877551 0.0 0.056910569105691054 0.04878048780487805 0.1272727272727273 0.0 0.8888888888888891 0.8571428571428572 0.13793103448275862 0.13793103448275862 0.10526315789473684 0.10526315789473684 0.0 0.0 0.0 0.0 0.05248257839721255 0.04878048780487805 0.8571428571428572 0.8571428571428572 0.47368421052631576 0.47368421052631576 0.3103448275862069 0.3103448275862069 0.0 0.13333333333333333 0.2 0.0 
0.8163265306122449 0.0 0.3220338983050847 0.1836734693877551 0.0 0.0 0.0 0.1272727272727273 0.0 0.8888888888888891 0.8571428571428572 0.13793103448275862 0.13793103448275862 0.10526315789473684 0.10526315789473684 0.0 0.0 0.0 0.0 0.0 0.0 0.17142857142857135 0.7142857142857143 0.10526315789473684 0.10526315789473684 0.13793103448275862 0.13793103448275862 0.0 0.0 0.0 0.0 
0.5102040816326531 0.18518518518518517 0.05084745762711865 0.08163265306122448 0.0 0.0 0.0 0.2207792207792208 0.19047619047619047 0.5740740740740741 0.7142857142857143 0.13793103448275862 0.16666666666666666 0.09649122807017543 0.21052631578947367 0.16666666666666666 0.0 0.0 0.0 0.03148496240601504 0.05263157894736842 0.6071428571428573 0.7142857142857143 0.10526315789473684 0.07368421052631578 0.13793103448275862 0.13793103448275862 0.05555555555555555 0.03333333333333333 0.1 0.0 
0.6802721088435373 0.08 0.0847457627118644 0.08163265306122448 0.0 0.023157894736842106 0.04 0.2207792207792208 0.19047619047619047 0.5740740740740741 0.7142857142857143 0.13793103448275862 0.16666666666666666 0.09649122807017543 0.21052631578947367 0.16666666666666666 0.0 0.0 0.0 0.00865800865800866 0.030303030303030304 0.7142857142857143 0.7142857142857143 0.10526315789473684 0.10526315789473684 0.13793103448275862 0.13793103448275862 0.0 0.0 0.0 0.0 
0.6122448979591838 0.5 0.15254237288135594 0.1836734693877551 0.0 0.0 0.0 0.2207792207792208 0.19047619047619047 0.5740740740740741 0.7142857142857143 0.13793103448275862 0.16666666666666666 0.09649122807017543 0.21052631578947367 0.16666666666666666 0.0 0.0 0.0 0.00865800865800866 0.030303030303030304 0.7142857142857143 0.7142857142857143 0.10526315789473684 0.10526315789473684 0.13793103448275862 0.13793103448275862 0.0 0.0 0.0 0.0 
0.6802721088435384 0.1724137931034483 0.0847457627118644 0.08163265306122448 0.0 0.0 0.017241379310344827 0.2207792207792208 0.19047619047619047 0.5740740740740741 0.7142857142857143 0.13793103448275862 0.16666666666666666 0.09649122807017543 0.21052631578947367 0.16666666666666666 0.0 0.0 0.0 0.03148496240601504 0.05263157894736842 0.6071428571428573 0.7142857142857143 0.10526315789473684 0.07368421052631578 0.13793103448275862 0.13793103448275862 0.05555555555555555 0.03333333333333333 0.1 0.0 
0.6802721088435375 1.0 0.0847457627118644 0.08163265306122448 0.0 0.0 0.0 0.2207792207792208 0.19047619047619047 0.5740740740740741 0.7142857142857143 0.13793103448275862 0.16666666666666666 0.09649122807017543 0.21052631578947367 0.16666666666666666 0.0 0.0 0.0 0.00865800865800866 0.030303030303030304 0.7142857142857143 0.7142857142857143 0.10526315789473684 0.10526315789473684 0.13793103448275862 0.13793103448275862 0.0 0.0 0.0 0.0 
0.6802721088435366 0.6486486486486487 0.0847457627118644 0.08163265306122448 0.0 0.14746325272641062 0.13513513513513514 0.2207792207792208 0.19047619047619047 0.5740740740740741 0.7142857142857143 0.13793103448275862 0.16666666666666666 0.09649122807017543 0.21052631578947367 0.16666666666666666 0.0 0.0 0.0 0.1480654761904762 0.10606060606060606 0.6883116883116882 0.7142857142857143 0.21052631578947367 0.14354066985645933 0.2006269592476489 0.13793103448275862 0.10526315789473684 0.0 0.0 0.0 
0.6802721088435366 0.6486486486486487 0.0847457627118644 0.08163265306122448 0.0 0.14746325272641062 0.13513513513513514 0.2207792207792208 0.19047619047619047 0.5740740740740741 0.7142857142857143 0.13793103448275862 0.16666666666666666 0.09649122807017543 0.21052631578947367 0.16666666666666666 0.0 0.0 0.0 0.1480654761904762 0.10606060606060606 0.6883116883116882 0.7142857142857143 0.21052631578947367 0.14354066985645933 0.2006269592476489 0.13793103448275862 0.10526315789473684 0.0 0.0 0.0 
0.612244897959184 0.42857142857142855 0.15254237288135594 0.1836734693877551 0.0 0.17627401837928153 0.09523809523809523 0.2207792207792208 0.19047619047619047 0.5740740740740741 0.7142857142857143 0.13793103448275862 0.16666666666666666 0.09649122807017543 0.21052631578947367 0.16666666666666666 0.0 0.0 0.0 0.1480654761904762 0.10606060606060606 0.6883116883116882 0.7142857142857143 0.21052631578947367 0.14354066985645933 0.2006269592476489 0.13793103448275862 0.10526315789473684 0.0 0.0 0.0 
0.816326530612244 0.27586206896551724 0.3220338983050847 0.1836734693877551 0.0 0.7543859649122806 0.7241379310344828 0.2207792207792208 0.19047619047619047 0.5740740740740741 0.7142857142857143 0.13793103448275862 0.16666666666666666 0.09649122807017543 0.21052631578947367 0.16666666666666666 0.0 0.0 0.0 0.7031970046082949 0.6774193548387096 0.857142857142857 0.8571428571428572 0.47368421052631576 0.47368421052631576 0.3103448275862069 0.3103448275862069 0.2222222222222222 0.0 0.0 0.0 
0.816326530612244 0.27586206896551724 0.3220338983050847 0.1836734693877551 0.0 0.7543859649122806 0.7241379310344828 0.2207792207792208 0.19047619047619047 0.5740740740740741 0.7142857142857143 0.13793103448275862 0.16666666666666666 0.09649122807017543 0.21052631578947367 0.16666666666666666 0.0 0.0 0.0 0.7031970046082949 0.6774193548387096 0.857142857142857 0.8571428571428572 0.47368421052631576 0.47368421052631576 0.3103448275862069 0.3103448275862069 0.2222222222222222 0.0 0.0 0.0 
0.884353741496599 0.125 0.4915254237288136 0.1836734693877551 0.0 0.0 0.0 0.2207792207792208 0.19047619047619047 0.5740740740740741 0.7142857142857143 0.13793103448275862 0.16666666666666666 0.09649122807017543 0.21052631578947367 0.16666666666666666 0.0 0.0 0.0 0.09126984126984128 0.0 0.8571428571428572 0.8571428571428572 0.47368421052631576 0.47368421052631576 0.3103448275862069 0.3103448275862069 0.0 0.2 0.2 0.0 
0.5102040816326531 0.0 0.05084745762711865 0.08163265306122448 0.0 1.0 1.0 0.2207792207792208 0.19047619047619047 0.5740740740740741 0.7142857142857143 0.13793103448275862 0.16666666666666666 0.09649122807017543 0.21052631578947367 0.16666666666666666 0.0 0.0 0.0 1.0 1.0 0.5357142857142857 0.5357142857142857 0.05263157894736842 0.05263157894736842 0.13793103448275862 0.13793103448275862 0.0 0.0 0.0 0.0 
0.8163265306122434 0.5121951219512195 0.3220338983050847 0.1836734693877551 0.0 0.056910569105691054 0.04878048780487805 0.2207792207792208 0.19047619047619047 0.5740740740740741 0.7142857142857143 0.13793103448275862 0.16666666666666666 0.09649122807017543 0.21052631578947367 0.16666666666666666 0.0 0.0 0.0 0.05248257839721255 0.04878048780487805 0.8571428571428572 0.8571428571428572 0.47368421052631576 0.47368421052631576 0.3103448275862069 0.3103448275862069 0.0 0.13333333333333333 0.2 0.0 
0.8163265306122454 0.0 0.3220338983050847 0.1836734693877551 0.0 0.0 0.0 0.2207792207792208 0.19047619047619047 0.5740740740740741 0.7142857142857143 0.13793103448275862 0.16666666666666666 0.09649122807017543 0.21052631578947367 0.16666666666666666 0.0 0.0 0.0 0.0 0.0 0.17142857142857135 0.7142857142857143 0.10526315789473684 0.10526315789473684 0.13793103448275862 0.13793103448275862 0.0 0.0 0.0 0.0 
0.6802721088435384 0.2857142857142857 0.0847457627118644 0.08163265306122448 0.0 0.0006265664160400995 0.0 0.2207792207792208 0.19047619047619047 0.5740740740740741 0.7142857142857143 0.13793103448275862 0.16666666666666666 0.09649122807017543 0.21052631578947367 0.16666666666666666 0.0 0.0 0.0 0.007969576719576722 0.014814814814814815 0.7142857142857143 0.7142857142857143 0.10526315789473684 0.10526315789473684 0.13793103448275862 0.13793103448275862 0.027777777777777776 0.1 0.3 0.0 
0.7142857142857156 0.16666666666666666 0.6610169491525424 0.5918367346938775 0.0 0.0 0.0 0.2207792207792208 0.19047619047619047 0.5740740740740741 0.7142857142857143 0.13793103448275862 0.16666666666666666 0.09649122807017543 0.21052631578947367 0.16666666666666666 0.0 0.0 0.0 0.0 0.0 0.17142857142857135 0.7142857142857143 0.10526315789473684 0.10526315789473684 0.13793103448275862 0.13793103448275862 0.0 0.0 0.0 0.0 
0.4081632653061217 0.26666666666666666 0.3220338983050847 0.5918367346938775 0.0 0.0 0.0 0.2207792207792208 0.19047619047619047 0.5740740740740741 0.7142857142857143 0.13793103448275862 0.16666666666666666 0.09649122807017543 0.21052631578947367 0.16666666666666666 0.0 0.0 0.0 0.0 0.0 0.17142857142857135 0.7142857142857143 0.10526315789473684 0.10526315789473684 0.13793103448275862 0.13793103448275862 0.0 0.0 0.0 0.0 
0.8163265306122431 0.0 0.6610169491525424 0.3877551020408163 0.0 0.0009569377990430616 0.0 0.2207792207792208 0.19047619047619047 0.5740740740740741 0.7142857142857143 0.13793103448275862 0.16666666666666666 0.09649122807017543 0.21052631578947367 0.16666666666666666 0.0 0.0 0.0 0.0 0.0 0.17142857142857135 0.8571428571428572 1.0 0.2 0.2413793103448276 0.13793103448275862 0.0 0.08 0.4 0.0 
0.0 0.0 0.01694915254237288 0.08163265306122448 0.0 0.15204678362573099 0.0 0.2207792207792208 0.19047619047619047 0.5740740740740741 0.7142857142857143 0.13793103448275862 0.16666666666666666 0.09649122807017543 0.21052631578947367 0.16666666666666666 0.0 0.0 0.0 0.0 0.0 0.17142857142857135 0.8571428571428572 1.0 0.2 0.2413793103448276 0.13793103448275862 0.0 0.08 0.4 0.0 
0.8163265306122449 1.0 0.6610169491525424 0.3877551020408163 0.0 0.0 0.0 0.2207792207792208 0.19047619047619047 0.5740740740740741 0.7142857142857143 0.13793103448275862 0.16666666666666666 0.09649122807017543 0.21052631578947367 0.16666666666666666 0.0 0.0 0.0 0.0 0.0 0.17142857142857135 0.7142857142857143 0.10526315789473684 0.10526315789473684 0.13793103448275862 0.13793103448275862 0.0 0.0 0.0 0.0 
0.6802721088435373 0.625 0.0847457627118644 0.08163265306122448 0.0 0.10964912280701754 0.0 0.2207792207792208 0.19047619047619047 0.5740740740740741 0.7142857142857143 0.13793103448275862 0.16666666666666666 0.09649122807017543 0.21052631578947367 0.16666666666666666 0.0 0.0 0.0 0.1480654761904762 0.10606060606060606 0.6883116883116882 0.7142857142857143 0.21052631578947367 0.14354066985645933 0.2006269592476489 0.13793103448275862 0.10526315789473684 0.0 0.0 0.0 
0.6802721088435384 0.1724137931034483 0.0847457627118644 0.08163265306122448 0.0 0.0 0.017241379310344827 0.1272727272727273 0.0 0.8888888888888891 0.8571428571428572 0.13793103448275862 0.13793103448275862 0.10526315789473684 0.10526315789473684 0.0 0.0 0.0 0.0 0.03148496240601504 0.05263157894736842 0.6071428571428573 0.7142857142857143 0.10526315789473684 0.07368421052631578 0.13793103448275862 0.13793103448275862 0.05555555555555555 0.03333333333333333 0.1 0.0 
0.612244897959184 0.42857142857142855 0.15254237288135594 0.1836734693877551 0.0 0.17627401837928153 0.09523809523809523 0.1272727272727273 0.0 0.8888888888888891 0.8571428571428572 0.13793103448275862 0.13793103448275862 0.10526315789473684 0.10526315789473684 0.0 0.0 0.0 0.0 0.1480654761904762 0.10606060606060606 0.6883116883116882 0.7142857142857143 0.21052631578947367 0.14354066985645933 0.2006269592476489 0.13793103448275862 0.10526315789473684 0.0 0.0 0.0 
0.6802721088435373 0.08 0.0847457627118644 0.08163265306122448 0.0 0.023157894736842106 0.04 0.1272727272727273 0.0 0.8888888888888891 0.8571428571428572 0.13793103448275862 0.13793103448275862 0.10526315789473684 0.10526315789473684 0.0 0.0 0.0 0.0 0.00865800865800866 0.030303030303030304 0.7142857142857143 0.7142857142857143 0.10526315789473684 0.10526315789473684 0.13793103448275862 0.13793103448275862 0.0 0.0 0.0 0.0 
0.6802721088435375 0.17391304347826086 0.0847457627118644 0.08163265306122448 0.0 0.0 0.0 0.1272727272727273 0.0 0.8888888888888891 0.8571428571428572 0.13793103448275862 0.13793103448275862 0.10526315789473684 0.10526315789473684 0.0 0.0 0.0 0.0 0.10874542124542125 0.1282051282051282 0.7142857142857141 0.7142857142857143 0.10526315789473684 0.10526315789473684 0.13793103448275862 0.13793103448275862 0.10526315789473684 0.1 1.0 0.0 
0.6802721088435384 0.2857142857142857 0.0847457627118644 0.08163265306122448 0.0 0.0006265664160400995 0.0 0.1272727272727273 0.0 0.8888888888888891 0.8571428571428572 0.13793103448275862 0.13793103448275862 0.10526315789473684 0.10526315789473684 0.0 0.0 0.0 0.0 0.007969576719576722 0.014814814814814815 0.7142857142857143 0.7142857142857143 0.10526315789473684 0.10526315789473684 0.13793103448275862 0.13793103448275862 0.027777777777777776 0.1 0.3 0.0 
0.6802721088435366 0.6486486486486487 0.0847457627118644 0.08163265306122448 0.0 0.14746325272641062 0.13513513513513514 0.1272727272727273 0.0 0.8888888888888891 0.8571428571428572 0.13793103448275862 0.13793103448275862 0.10526315789473684 0.10526315789473684 0.0 0.0 0.0 0.0 0.1480654761904762 0.10606060606060606 0.6883116883116882 0.7142857142857143 0.21052631578947367 0.14354066985645933 0.2006269592476489 0.13793103448275862 0.10526315789473684 0.0 0.0 0.0 
0.8163265306122431 0.21428571428571427 0.3220338983050847 0.1836734693877551 0.0 0.0 0.0 0.1272727272727273 0.0 0.8888888888888891 0.8571428571428572 0.13793103448275862 0.13793103448275862 0.10526315789473684 0.10526315789473684 0.0 0.0 0.0 0.0 0.0 0.0 0.17142857142857135 0.7142857142857143 0.10526315789473684 0.10526315789473684 0.13793103448275862 0.13793103448275862 0.0 0.0 0.0 0.0 
0.8163265306122454 0.0 0.3220338983050847 0.1836734693877551 0.0 0.0 0.0 0.1272727272727273 0.0 0.8888888888888891 0.8571428571428572 0.13793103448275862 0.13793103448275862 0.10526315789473684 0.10526315789473684 0.0 0.0 0.0 0.0 0.0 0.0 0.17142857142857135 0.7142857142857143 0.10526315789473684 0.10526315789473684 0.13793103448275862 0.13793103448275862 0.0 0.0 0.0 0.0 
0.8163265306122449 0.5 0.6610169491525424 0.3877551020408163 0.0 0.0 0.0 0.1272727272727273 0.0 0.8888888888888891 0.8571428571428572 0.13793103448275862 0.13793103448275862 0.10526315789473684 0.10526315789473684 0.0 0.0 0.0 0.0 0.0 0.0 0.17142857142857135 0.7142857142857143 0.10526315789473684 0.10526315789473684 0.13793103448275862 0.13793103448275862 0.0 0.0 0.0 0.0 
0.816326530612244 0.27586206896551724 0.3220338983050847 0.1836734693877551 0.0 0.7543859649122806 0.7241379310344828 0.1272727272727273 0.0 0.8888888888888891 0.8571428571428572 0.13793103448275862 0.13793103448275862 0.10526315789473684 0.10526315789473684 0.0 0.0 0.0 0.0 0.7031970046082949 0.6774193548387096 0.857142857142857 0.8571428571428572 0.47368421052631576 0.47368421052631576 0.3103448275862069 0.3103448275862069 0.2222222222222222 0.0 0.0 0.0 
0.816326530612244 0.27586206896551724 0.3220338983050847 0.1836734693877551 0.0 0.7543859649122806 0.7241379310344828 0.1272727272727273 0.0 0.8888888888888891 0.8571428571428572 0.13793103448275862 0.13793103448275862 0.10526315789473684 0.10526315789473684 0.0 0.0 0.0 0.0 0.7031970046082949 0.6774193548387096 0.857142857142857 0.8571428571428572 0.47368421052631576 0.47368421052631576 0.3103448275862069 0.3103448275862069 0.2222222222222222 0.0 0.0 0.0 
0.8163265306122431 0.16326530612244897 0.3220338983050847 0.1836734693877551 0.0 0.0 0.0 0.1272727272727273 0.0 0.8888888888888891 0.8571428571428572 0.13793103448275862 0.13793103448275862 0.10526315789473684 0.10526315789473684 0.0 0.0 0.0 0.0 0.0 0.0 0.17142857142857135 0.7142857142857143 0.10526315789473684 0.10526315789473684 0.13793103448275862 0.13793103448275862 0.0 0.0 0.0 0.0 
0.5102040816326531 0.18181818181818182 0.05084745762711865 0.08163265306122448 0.0 0.02870813397129187 0.0 0.1272727272727273 0.0 0.8888888888888891 0.8571428571428572 0.13793103448275862 0.13793103448275862 0.10526315789473684 0.10526315789473684 0.0 0.0 0.0 0.0 0.06657608695652174 0.06521739130434782 0.5357142857142857 0.5357142857142857 0.05263157894736842 0.05263157894736842 0.13793103448275862 0.13793103448275862 0.2857142857142857 0.0 0.0 0.0 
0.5102040816326531 0.0 0.6610169491525424 1.0 0.0 0.0 0.0 0.1272727272727273 0.0 0.8888888888888891 0.8571428571428572 0.13793103448275862 0.13793103448275862 0.10526315789473684 0.10526315789473684 0.0 0.0 0.0 0.0 0.0 0.0 0.17142857142857135 0.7142857142857143 0.10526315789473684 0.10526315789473684 0.13793103448275862 0.13793103448275862 0.0 0.0 0.0 0.0 
0.40816326530612257 0.36363636363636365 0.3220338983050847 0.5918367346938775 0.0 0.0 0.0 0.1272727272727273 0.0 0.8888888888888891 0.8571428571428572 0.13793103448275862 0.13793103448275862 0.10526315789473684 0.10526315789473684 0.0 0.0 0.0 0.0 0.05435267857142858 0.075 0.5714285714285713 0.6428571428571429 0.47368421052631576 0.47368421052631576 0.7701149425287356 0.6551724137931034 0.16666666666666666 0.1 0.1 0.0 
0.40816326530612257 0.6363636363636364 0.3220338983050847 0.5918367346938775 0.0 0.0 0.0 0.1272727272727273 0.0 0.8888888888888891 0.8571428571428572 0.13793103448275862 0.13793103448275862 0.10526315789473684 0.10526315789473684 0.0 0.0 0.0 0.0 0.05435267857142858 0.075 0.5714285714285713 0.6428571428571429 0.47368421052631576 0.47368421052631576 0.7701149425287356 0.6551724137931034 0.16666666666666666 0.1 0.1 0.0 
0.8163265306122438 0.6764705882352942 0.3220338983050847 0.1836734693877551 0.0 0.0 0.0 0.1272727272727273 0.0 0.8888888888888891 0.8571428571428572 0.13793103448275862 0.13793103448275862 0.10526315789473684 0.10526315789473684 0.0 0.0 0.0 0.0 0.0 0.0 0.17142857142857135 0.7142857142857143 0.10526315789473684 0.10526315789473684 0.13793103448275862 0.13793103448275862 0.0 0.0 0.0 0.0 
0.5102040816326531 0.4 0.05084745762711865 0.08163265306122448 0.0 0.0 0.0 0.1272727272727273 0.0 0.8888888888888891 0.8571428571428572 0.13793103448275862 0.13793103448275862 0.10526315789473684 0.10526315789473684 0.0 0.0 0.0 0.0 0.0 0.0 0.17142857142857135 0.7142857142857143 0.10526315789473684 0.10526315789473684 0.13793103448275862 0.13793103448275862 0.0 0.0 0.0 0.0 
0.5102040816326531 0.4 0.05084745762711865 0.08163265306122448 0.0 0.0 0.0 0.1272727272727273 0.0 0.8888888888888891 0.8571428571428572 0.13793103448275862 0.13793103448275862 0.10526315789473684 0.10526315789473684 0.0 0.0 0.0 0.0 0.0 0.0 0.17142857142857135 0.7142857142857143 0.10526315789473684 0.10526315789473684 0.13793103448275862 0.13793103448275862 0.0 0.0 0.0 0.0 
0.8163265306122431 0.16326530612244897 0.3220338983050847 0.1836734693877551 0.0 0.0 0.0 0.1272727272727273 0.0 0.8888888888888891 0.8571428571428572 0.13793103448275862 0.13793103448275862 0.10526315789473684 0.10526315789473684 0.0 0.0 0.0 0.0 0.0 0.0 0.17142857142857135 0.7142857142857143 0.10526315789473684 0.10526315789473684 0.13793103448275862 0.13793103448275862 0.0 0.0 0.0 0.0 
0.8163265306122431 0.21428571428571427 0.3220338983050847 0.1836734693877551 0.0 0.0 0.0 0.1272727272727273 0.0 0.8888888888888891 0.8571428571428572 0.13793103448275862 0.13793103448275862 0.10526315789473684 0.10526315789473684 0.0 0.0 0.0 0.0 0.0 0.0 0.17142857142857135 0.7142857142857143 0.10526315789473684 0.10526315789473684 0.13793103448275862 0.13793103448275862 0.0 0.0 0.0 0.0 
0.6122448979591836 0.14285714285714285 0.15254237288135594 0.1836734693877551 0.0 0.0 0.0 0.1272727272727273 0.0 0.8888888888888891 0.8571428571428572 0.13793103448275862 0.13793103448275862 0.10526315789473684 0.10526315789473684 0.0 0.0 0.0 0.0 0.0 0.0 0.17142857142857135 0.7142857142857143 0.10526315789473684 0.10526315789473684 0.13793103448275862 0.13793103448275862 0.0 0.0 0.0 0.0 
0.6802721088435384 0.2857142857142857 0.0847457627118644 0.08163265306122448 0.0 0.0006265664160400995 0.0 0.1272727272727273 0.0 0.8888888888888891 0.8571428571428572 0.13793103448275862 0.13793103448275862 0.10526315789473684 0.10526315789473684 0.0 0.0 0.0 0.0 0.007969576719576722 0.014814814814814815 0.7142857142857143 0.7142857142857143 0.10526315789473684 0.10526315789473684 0.13793103448275862 0.13793103448275862 0.027777777777777776 0.1 0.3 0.0 
0.5102040816326531 0.0 0.6610169491525424 1.0 0.0 0.0 0.0 0.1272727272727273 0.0 0.8888888888888891 0.8571428571428572 0.13793103448275862 0.13793103448275862 0.10526315789473684 0.10526315789473684 0.0 0.0 0.0 0.0 0.0 0.0 0.17142857142857135 0.7142857142857143 0.10526315789473684 0.10526315789473684 0.13793103448275862 0.13793103448275862 0.0 0.0 0.0 0.0 
0.8163265306122438 0.6764705882352942 0.3220338983050847 0.1836734693877551 0.0 0.0 0.0 0.1272727272727273 0.0 0.8888888888888891 0.8571428571428572 0.13793103448275862 0.13793103448275862 0.10526315789473684 0.10526315789473684 0.0 0.0 0.0 0.0 0.0 0.0 0.17142857142857135 0.7142857142857143 0.10526315789473684 0.10526315789473684 0.13793103448275862 0.13793103448275862 0.0 0.0 0.0 0.0 
0.8163265306122431 0.21428571428571427 0.3220338983050847 0.1836734693877551 0.0 0.0 0.0 0.1272727272727273 0.0 0.8888888888888891 0.8571428571428572 0.13793103448275862 0.13793103448275862 0.10526315789473684 0.10526315789473684 0.0 0.0 0.0 0.0 0.0 0.0 0.17142857142857135 0.7142857142857143 0.10526315789473684 0.10526315789473684 0.13793103448275862 0.13793103448275862 0.0 0.0 0.0 0.0 
0.8163265306122442 0.48 0.3220338983050847 0.1836734693877551 0.0 0.0 0.0 0.1272727272727273 0.0 0.8888888888888891 0.8571428571428572 0.13793103448275862 0.13793103448275862 0.10526315789473684 0.10526315789473684 0.0 0.0 0.0 0.0 0.0 0.0 0.17142857142857135 0.7142857142857143 0.10526315789473684 0.10526315789473684 0.13793103448275862 0.13793103448275862 0.0 0.0 0.0 0.0 
0.8163265306122454 0.5454545454545454 0.6610169491525424 0.3877551020408163 0.0 0.07496012759170653 0.0 0.1272727272727273 0.0 0.8888888888888891 0.8571428571428572 0.13793103448275862 0.13793103448275862 0.10526315789473684 0.10526315789473684 0.0 0.0 0.0 0.0 0.07061688311688313 0.0 0.8571428571428572 0.8571428571428572 1.0 1.0 0.6551724137931034 0.6551724137931034 0.0 0.0 0.0 0.0 
0.6802721088435375 0.0 0.0847457627118644 0.08163265306122448 0.0 0.0 0.0 0.1272727272727273 0.0 0.8888888888888891 0.8571428571428572 0.13793103448275862 0.13793103448275862 0.10526315789473684 0.10526315789473684 0.0 0.0 0.0 0.0 0.0 0.0 0.17142857142857135 0.7142857142857143 0.10526315789473684 0.10526315789473684 0.13793103448275862 0.13793103448275862 0.0 0.0 0.0 0.0 
0.8163265306122454 0.5625 0.3220338983050847 0.1836734693877551 0.0 0.0 0.0 0.1272727272727273 0.0 0.8888888888888891 0.8571428571428572 0.13793103448275862 0.13793103448275862 0.10526315789473684 0.10526315789473684 0.0 0.0 0.0 0.0 0.0 0.0 0.17142857142857135 0.7142857142857143 0.10526315789473684 0.10526315789473684 0.13793103448275862 0.13793103448275862 0.0 0.0 0.0 0.0 
0.7142857142857156 0.16666666666666666 0.6610169491525424 0.5918367346938775 0.0 0.0 0.0 0.1272727272727273 0.0 0.8888888888888891 0.8571428571428572 0.13793103448275862 0.13793103448275862 0.10526315789473684 0.10526315789473684 0.0 0.0 0.0 0.0 0.0 0.0 0.17142857142857135 0.7142857142857143 0.10526315789473684 0.10526315789473684 0.13793103448275862 0.13793103448275862 0.0 0.0 0.0 0.0 
0.8163265306122449 0.25 0.3220338983050847 0.1836734693877551 0.0 0.0 0.0 0.1272727272727273 0.0 0.8888888888888891 0.8571428571428572 0.13793103448275862 0.13793103448275862 0.10526315789473684 0.10526315789473684 0.0 0.0 0.0 0.0 0.0 0.0 0.17142857142857135 0.7142857142857143 0.10526315789473684 0.10526315789473684 0.13793103448275862 0.13793103448275862 0.0 0.0 0.0 0.0 
0.0 0.0 0.3220338983050847 1.0 0.0 0.0 0.0 0.1272727272727273 0.0 0.8888888888888891 0.8571428571428572 0.13793103448275862 0.13793103448275862 0.10526315789473684 0.10526315789473684 0.0 0.0 0.0 0.0 0.0 0.0 0.17142857142857135 0.7142857142857143 0.10526315789473684 0.10526315789473684 0.13793103448275862 0.13793103448275862 0.0 0.0 0.0 0.0 
0.6802721088435366 0.3333333333333333 0.0847457627118644 0.08163265306122448 0.0 0.0346378767431399 0.05128205128205128 0.1272727272727273 0.0 0.8888888888888891 0.8571428571428572 0.13793103448275862 0.13793103448275862 0.10526315789473684 0.10526315789473684 0.0 0.0 0.0 0.0 0.10874542124542125 0.1282051282051282 0.7142857142857141 0.7142857142857143 0.10526315789473684 0.10526315789473684 0.13793103448275862 0.13793103448275862 0.10526315789473684 0.1 1.0 0.0 
0.8163265306122434 0.38095238095238093 1.0 0.5918367346938775 0.0 0.0 0.0 0.1272727272727273 0.0 0.8888888888888891 0.8571428571428572 0.13793103448275862 0.13793103448275862 0.10526315789473684 0.10526315789473684 0.0 0.0 0.0 0.0 0.0 0.0 0.17142857142857135 0.8571428571428572 1.0 0.2 0.2413793103448276 0.13793103448275862 0.0 0.08 0.4 0.0 
0.20408163265306117 0.8 0.15254237288135594 0.3877551020408163 0.0 0.18596491228070178 0.2 1.0 1.0 0.22222222222222218 0.21428571428571425 0.6551724137931034 0.6551724137931034 0.21052631578947367 0.21052631578947367 1.0 0.0 0.0 0.0 0.07991071428571431 0.1 0.4821428571428571 0.7499999999999999 1.0 0.6052631578947368 0.8275862068965517 0.6551724137931034 0.2 0.0 0.0 0.0 
0.8163265306122431 0.21428571428571427 0.3220338983050847 0.1836734693877551 0.0 0.0 0.0 0.1272727272727273 0.0 0.8888888888888891 0.8571428571428572 0.13793103448275862 0.13793103448275862 0.10526315789473684 0.10526315789473684 0.0 0.0 0.0 0.0 0.0 0.0 0.17142857142857135 0.7142857142857143 0.10526315789473684 0.10526315789473684 0.13793103448275862 0.13793103448275862 0.0 0.0 0.0 0.0 
0.6802721088435366 0.6486486486486487 0.0847457627118644 0.08163265306122448 0.0 0.14746325272641062 0.13513513513513514 0.1272727272727273 0.0 0.8888888888888891 0.8571428571428572 0.13793103448275862 0.13793103448275862 0.10526315789473684 0.10526315789473684 0.0 0.0 0.0 0.0 0.1480654761904762 0.10606060606060606 0.6883116883116882 0.7142857142857143 0.21052631578947367 0.14354066985645933 0.2006269592476489 0.13793103448275862 0.10526315789473684 0.0 0.0 0.0 
0.6802721088435375 0.17391304347826086 0.0847457627118644 0.08163265306122448 0.0 0.0 0.0 0.1272727272727273 0.0 0.8888888888888891 0.8571428571428572 0.13793103448275862 0.13793103448275862 0.10526315789473684 0.10526315789473684 0.0 0.0 0.0 0.0 0.10874542124542125 0.1282051282051282 0.7142857142857141 0.7142857142857143 0.10526315789473684 0.10526315789473684 0.13793103448275862 0.13793103448275862 0.10526315789473684 0.1 1.0 0.0 
0.8163265306122449 0.0 0.0847457627118644 0.08163265306122448 1.0 0.0 0.0 0.1272727272727273 0.0 0.8888888888888891 0.8571428571428572 0.13793103448275862 0.13793103448275862 0.10526315789473684 0.10526315789473684 0.0 0.0 0.0 0.0 0.0 0.0 0.17142857142857135 0.7142857142857143 0.10526315789473684 0.10526315789473684 0.13793103448275862 0.13793103448275862 0.0 0.0 0.0 0.0 
0.8163265306122449 0.0 0.0847457627118644 0.08163265306122448 1.0 0.0 0.0 0.1272727272727273 0.0 0.8888888888888891 0.8571428571428572 0.13793103448275862 0.13793103448275862 0.10526315789473684 0.10526315789473684 0.0 0.0 0.0 0.0 0.0 0.0 0.17142857142857135 0.7142857142857143 0.10526315789473684 0.10526315789473684 0.13793103448275862 0.13793103448275862 0.0 0.0 0.0 0.0 
0.6802721088435384 0.1724137931034483 0.0847457627118644 0.08163265306122448 0.0 0.0 0.017241379310344827 0.1272727272727273 0.0 0.8888888888888891 0.8571428571428572 0.13793103448275862 0.13793103448275862 0.10526315789473684 0.10526315789473684 0.0 0.0 0.0 0.0 0.03148496240601504 0.05263157894736842 0.6071428571428573 0.7142857142857143 0.10526315789473684 0.07368421052631578 0.13793103448275862 0.13793103448275862 0.05555555555555555 0.03333333333333333 0.1 0.0 
0.7142857142857156 0.16666666666666666 0.6610169491525424 0.5918367346938775 0.0 0.0 0.0 0.1272727272727273 0.0 0.8888888888888891 0.8571428571428572 0.13793103448275862 0.13793103448275862 0.10526315789473684 0.10526315789473684 0.0 0.0 0.0 0.0 0.0 0.0 0.17142857142857135 0.7142857142857143 0.10526315789473684 0.10526315789473684 0.13793103448275862 0.13793103448275862 0.0 0.0 0.0 0.0 
0.8163265306122438 0.6764705882352942 0.3220338983050847 0.1836734693877551 0.0 0.0 0.0 0.1272727272727273 0.0 0.8888888888888891 0.8571428571428572 0.13793103448275862 0.13793103448275862 0.10526315789473684 0.10526315789473684 0.0 0.0 0.0 0.0 0.0 0.0 0.17142857142857135 0.7142857142857143 0.10526315789473684 0.10526315789473684 0.13793103448275862 0.13793103448275862 0.0 0.0 0.0 0.0 
0.8163265306122442 0.48 0.3220338983050847 0.1836734693877551 0.0 0.0 0.0 0.1272727272727273 0.0 0.8888888888888891 0.8571428571428572 0.13793103448275862 0.13793103448275862 0.10526315789473684 0.10526315789473684 0.0 0.0 0.0 0.0 0.0 0.0 0.17142857142857135 0.7142857142857143 0.10526315789473684 0.10526315789473684 0.13793103448275862 0.13793103448275862 0.0 0.0 0.0 0.0 
0.8163265306122454 0.5454545454545454 0.6610169491525424 0.3877551020408163 0.0 0.07496012759170653 0.0 0.1272727272727273 0.0 0.8888888888888891 0.8571428571428572 0.13793103448275862 0.13793103448275862 0.10526315789473684 0.10526315789473684 0.0 0.0 0.0 0.0 0.07061688311688313 0.0 0.8571428571428572 0.8571428571428572 1.0 1.0 0.6551724137931034 0.6551724137931034 0.0 0.0 0.0 0.0 
0.8163265306122431 0.0 0.6610169491525424 0.3877551020408163 0.0 0.0009569377990430616 0.0 0.1272727272727273 0.0 0.8888888888888891 0.8571428571428572 0.13793103448275862 0.13793103448275862 0.10526315789473684 0.10526315789473684 0.0 0.0 0.0 0.0 0.0 0.0 0.17142857142857135 0.8571428571428572 1.0 0.2 0.2413793103448276 0.13793103448275862 0.0 0.08 0.4 0.0 
0.7142857142857137 0.08333333333333333 0.6610169491525424 0.5918367346938775 0.0 0.0672514619883041 0.08333333333333333 0.1272727272727273 0.0 0.8888888888888891 0.8571428571428572 0.13793103448275862 0.13793103448275862 0.10526315789473684 0.10526315789473684 0.0 0.0 0.0 0.0 0.07991071428571431 0.1 0.4821428571428571 0.7499999999999999 1.0 0.6052631578947368 0.8275862068965517 0.6551724137931034 0.2 0.0 0.0 0.0 
0.6802721088435375 0.0 0.0847457627118644 0.08163265306122448 0.0 0.0 0.0 0.1272727272727273 0.0 0.8888888888888891 0.8571428571428572 0.13793103448275862 0.13793103448275862 0.10526315789473684 0.10526315789473684 0.0 0.0 0.0 0.0 0.31845238095238093 0.3333333333333333 1.0 1.0 0.10526315789473684 0.10526315789473684 0.0 0.0 0.0 0.0 0.0 0.0 
0.40816326530612257 0.36363636363636365 0.3220338983050847 0.5918367346938775 0.0 0.0 0.0 0.1272727272727273 0.0 0.8888888888888891 0.8571428571428572 0.13793103448275862 0.13793103448275862 0.10526315789473684 0.10526315789473684 0.0 0.0 0.0 0.0 0.05435267857142858 0.075 0.5714285714285713 0.6428571428571429 0.47368421052631576 0.47368421052631576 0.7701149425287356 0.6551724137931034 0.16666666666666666 0.1 0.1 0.0 
0.816326530612244 0.32142857142857145 0.15254237288135594 0.08163265306122448 0.0 0.05513784461152882 0.03571428571428571 0.1272727272727273 0.0 0.8888888888888891 0.8571428571428572 0.13793103448275862 0.13793103448275862 0.10526315789473684 0.10526315789473684 0.0 0.0 0.0 0.0 0.04818349753694582 0.034482758620689655 0.8571428571428572 0.8571428571428572 0.21052631578947367 0.21052631578947367 0.13793103448275862 0.13793103448275862 0.1111111111111111 0.0 0.0 0.0 
0.4081632653061217 0.26666666666666666 0.3220338983050847 0.5918367346938775 0.0 0.0 0.0 0.1272727272727273 0.0 0.8888888888888891 0.8571428571428572 0.13793103448275862 0.13793103448275862 0.10526315789473684 0.10526315789473684 0.0 0.0 0.0 0.0 0.0 0.0 0.17142857142857135 0.7142857142857143 0.10526315789473684 0.10526315789473684 0.13793103448275862 0.13793103448275862 0.0 0.0 0.0 0.0 
0.8163265306122431 0.16326530612244897 0.3220338983050847 0.1836734693877551 0.0 0.0 0.0 0.1272727272727273 0.0 0.8888888888888891 0.8571428571428572 0.13793103448275862 0.13793103448275862 0.10526315789473684 0.10526315789473684 0.0 0.0 0.0 0.0 0.0 0.0 0.17142857142857135 0.7142857142857143 0.10526315789473684 0.10526315789473684 0.13793103448275862 0.13793103448275862 0.0 0.0 0.0 0.0 
0.6802721088435384 0.2857142857142857 0.0847457627118644 0.08163265306122448 0.0 0.0006265664160400995 0.0 0.1272727272727273 0.0 0.8888888888888891 0.8571428571428572 0.13793103448275862 0.13793103448275862 0.10526315789473684 0.10526315789473684 0.0 0.0 0.0 0.0 0.007969576719576722 0.014814814814814815 0.7142857142857143 0.7142857142857143 0.10526315789473684 0.10526315789473684 0.13793103448275862 0.13793103448275862 0.027777777777777776 0.1 0.3 0.0 
0.7482993197278917 1.0 0.4915254237288136 0.3877551020408163 0.0 0.0 0.0 0.1272727272727273 0.0 0.8888888888888891 0.8571428571428572 0.13793103448275862 0.13793103448275862 0.10526315789473684 0.10526315789473684 0.0 0.0 0.0 0.0 0.0 0.0 0.17142857142857135 0.7142857142857143 0.10526315789473684 0.10526315789473684 0.13793103448275862 0.13793103448275862 0.0 0.0 0.0 0.0 
0.6122448979591836 0.625 0.15254237288135594 0.1836734693877551 0.0 0.0 0.0 0.1272727272727273 0.0 0.8888888888888891 0.8571428571428572 0.13793103448275862 0.13793103448275862 0.10526315789473684 0.10526315789473684 0.0 0.0 0.0 0.0 0.0 0.0 0.17142857142857135 0.7142857142857143 0.10526315789473684 0.10526315789473684 0.13793103448275862 0.13793103448275862 0.0 0.0 0.0 0.0 
0.8163265306122431 0.21428571428571427 0.3220338983050847 0.1836734693877551 0.0 0.0 0.0 0.1272727272727273 0.0 0.8888888888888891 0.8571428571428572 0.13793103448275862 0.13793103448275862 0.10526315789473684 0.10526315789473684 0.0 0.0 0.0 0.0 0.0 0.0 0.17142857142857135 0.7142857142857143 0.10526315789473684 0.10526315789473684 0.13793103448275862 0.13793103448275862 0.0 0.0 0.0 0.0 
0.816326530612244 0.32142857142857145 0.15254237288135594 0.08163265306122448 0.0 0.05513784461152882 0.03571428571428571 0.1272727272727273 0.0 0.8888888888888891 0.8571428571428572 0.13793103448275862 0.13793103448275862 0.10526315789473684 0.10526315789473684 0.0 0.0 0.0 0.0 0.04818349753694582 0.034482758620689655 0.8571428571428572 0.8571428571428572 0.21052631578947367 0.21052631578947367 0.13793103448275862 0.13793103448275862 0.1111111111111111 0.0 0.0 0.0 
0.40816326530612257 0.16666666666666666 0.3220338983050847 0.5918367346938775 0.0 0.0 0.0 0.1272727272727273 0.0 0.8888888888888891 0.8571428571428572 0.13793103448275862 0.13793103448275862 0.10526315789473684 0.10526315789473684 0.0 0.0 0.0 0.0 0.0 0.0 0.17142857142857135 0.7142857142857143 0.10526315789473684 0.10526315789473684 0.13793103448275862 0.13793103448275862 0.0 0.0 0.0 0.0 
0.5102040816326531 0.18518518518518517 0.05084745762711865 0.08163265306122448 0.0 0.0 0.0 0.1272727272727273 0.0 0.8888888888888891 0.8571428571428572 0.13793103448275862 0.13793103448275862 0.10526315789473684 0.10526315789473684 0.0 0.0 0.0 0.0 0.03148496240601504 0.05263157894736842 0.6071428571428573 0.7142857142857143 0.10526315789473684 0.07368421052631578 0.13793103448275862 0.13793103448275862 0.05555555555555555 0.03333333333333333 0.1 0.0 
0.8163265306122431 0.0 0.6610169491525424 0.3877551020408163 0.0 0.0009569377990430616 0.0 0.1272727272727273 0.0 0.8888888888888891 0.8571428571428572 0.13793103448275862 0.13793103448275862 0.10526315789473684 0.10526315789473684 0.0 0.0 0.0 0.0 0.0 0.0 0.17142857142857135 0.8571428571428572 1.0 0.2 0.2413793103448276 0.13793103448275862 0.0 0.08 0.4 0.0 
0.5102040816326531 0.18518518518518517 0.05084745762711865 0.08163265306122448 0.0 0.0 0.0 0.1272727272727273 0.0 0.8888888888888891 0.8571428571428572 0.13793103448275862 0.13793103448275862 0.10526315789473684 0.10526315789473684 0.0 0.0 0.0 0.0 0.03148496240601504 0.05263157894736842 0.6071428571428573 0.7142857142857143 0.10526315789473684 0.07368421052631578 0.13793103448275862 0.13793103448275862 0.05555555555555555 0.03333333333333333 0.1 0.0 
0.5102040816326531 0.18181818181818182 0.05084745762711865 0.08163265306122448 0.0 0.02870813397129187 0.0 0.1272727272727273 0.0 0.8888888888888891 0.8571428571428572 0.13793103448275862 0.13793103448275862 0.10526315789473684 0.10526315789473684 0.0 0.0 0.0 0.0 0.06657608695652174 0.06521739130434782 0.5357142857142857 0.5357142857142857 0.05263157894736842 0.05263157894736842 0.13793103448275862 0.13793103448275862 0.2857142857142857 0.0 0.0 0.0 
0.0 0.0 0.01694915254237288 0.08163265306122448 0.0 0.15204678362573099 0.0 0.1272727272727273 0.0 0.8888888888888891 0.8571428571428572 0.13793103448275862 0.13793103448275862 0.10526315789473684 0.10526315789473684 0.0 0.0 0.0 0.0 0.0 0.0 0.17142857142857135 0.8571428571428572 1.0 0.2 0.2413793103448276 0.13793103448275862 0.0 0.08 0.4 0.0 
0.8163265306122449 0.0 0.0847457627118644 0.08163265306122448 1.0 0.0 0.0 0.1272727272727273 0.0 0.8888888888888891 0.8571428571428572 0.13793103448275862 0.13793103448275862 0.10526315789473684 0.10526315789473684 0.0 0.0 0.0 0.0 0.06657608695652174 0.06521739130434782 0.5357142857142857 0.5357142857142857 0.05263157894736842 0.05263157894736842 0.13793103448275862 0.13793103448275862 0.2857142857142857 0.0 0.0 0.0 
0.6802721088435377 0.06666666666666667 0.0847457627118644 0.08163265306122448 0.0 0.050292397660818715 0.06666666666666667 0.1272727272727273 0.0 0.8888888888888891 0.8571428571428572 0.13793103448275862 0.13793103448275862 0.10526315789473684 0.10526315789473684 0.0 0.0 0.0 0.0 0.07991071428571431 0.1 0.6785714285714285 0.7142857142857143 0.10526315789473684 0.10526315789473684 0.13793103448275862 0.13793103448275862 1.0 0.0 0.0 0.5 
0.8163265306122431 0.0 0.6610169491525424 0.3877551020408163 0.0 0.0009569377990430616 0.0 0.1272727272727273 0.0 0.8888888888888891 0.8571428571428572 0.13793103448275862 0.13793103448275862 0.10526315789473684 0.10526315789473684 0.0 0.0 0.0 0.0 0.0 0.0 0.17142857142857135 0.8571428571428572 1.0 0.2 0.2413793103448276 0.13793103448275862 0.0 0.08 0.4 0.0 
0.8163265306122449 0.25 0.3220338983050847 0.1836734693877551 0.0 0.0 0.0 0.1272727272727273 0.0 0.8888888888888891 0.8571428571428572 0.13793103448275862 0.13793103448275862 0.10526315789473684 0.10526315789473684 0.0 0.0 0.0 0.0 0.0 0.0 0.17142857142857135 0.7142857142857143 0.10526315789473684 0.10526315789473684 0.13793103448275862 0.13793103448275862 0.0 0.0 0.0 0.0 
0.8163265306122449 0.0 0.01694915254237288 0.0 0.0 0.0 0.0 0.1272727272727273 0.0 0.8888888888888891 0.8571428571428572 0.13793103448275862 0.13793103448275862 0.10526315789473684 0.10526315789473684 0.0 0.0 0.0 0.0 0.0 0.0 0.17142857142857135 0.7142857142857143 0.10526315789473684 0.10526315789473684 0.13793103448275862 0.13793103448275862 0.0 0.0 0.0 0.0 
0.8163265306122449 0.0 0.01694915254237288 0.0 0.0 0.0 0.0 0.1272727272727273 0.0 0.8888888888888891 0.8571428571428572 0.13793103448275862 0.13793103448275862 0.10526315789473684 0.10526315789473684 0.0 0.0 0.0 0.0 0.0 0.0 0.17142857142857135 0.7142857142857143 0.10526315789473684 0.10526315789473684 0.13793103448275862 0.13793103448275862 0.0 0.0 0.0 0.0 
0.8163265306122454 0.0 0.3220338983050847 0.1836734693877551 0.0 0.0 0.0 0.1272727272727273 0.0 0.8888888888888891 0.8571428571428572 0.13793103448275862 0.13793103448275862 0.10526315789473684 0.10526315789473684 0.0 0.0 0.0 0.0 0.0 0.0 0.17142857142857135 0.7142857142857143 0.10526315789473684 0.10526315789473684 0.13793103448275862 0.13793103448275862 0.0 0.0 0.0 0.0 
0.8163265306122434 0.5121951219512195 0.3220338983050847 0.1836734693877551 0.0 0.056910569105691054 0.04878048780487805 0.1272727272727273 0.0 0.8888888888888891 0.8571428571428572 0.13793103448275862 0.13793103448275862 0.10526315789473684 0.10526315789473684 0.0 0.0 0.0 0.0 0.05248257839721255 0.04878048780487805 0.8571428571428572 0.8571428571428572 0.47368421052631576 0.47368421052631576 0.3103448275862069 0.3103448275862069 0.0 0.13333333333333333 0.2 0.0 
0.612244897959184 0.42857142857142855 0.15254237288135594 0.1836734693877551 0.0 0.17627401837928153 0.09523809523809523 0.1272727272727273 0.0 0.8888888888888891 0.8571428571428572 0.13793103448275862 0.13793103448275862 0.10526315789473684 0.10526315789473684 0.0 0.0 0.0 0.0 0.1480654761904762 0.10606060606060606 0.6883116883116882 0.7142857142857143 0.21052631578947367 0.14354066985645933 0.2006269592476489 0.13793103448275862 0.10526315789473684 0.0 0.0 0.0 
0.8163265306122454 0.5625 0.3220338983050847 0.1836734693877551 0.0 0.0 0.0 0.1272727272727273 0.0 0.8888888888888891 0.8571428571428572 0.13793103448275862 0.13793103448275862 0.10526315789473684 0.10526315789473684 0.0 0.0 0.0 0.0 0.0 0.0 0.17142857142857135 0.7142857142857143 0.10526315789473684 0.10526315789473684 0.13793103448275862 0.13793103448275862 0.0 0.0 0.0 0.0 
0.6802721088435366 0.6486486486486487 0.0847457627118644 0.08163265306122448 0.0 0.14746325272641062 0.13513513513513514 0.1272727272727273 0.0 0.8888888888888891 0.8571428571428572 0.13793103448275862 0.13793103448275862 0.10526315789473684 0.10526315789473684 0.0 0.0 0.0 0.0 0.1480654761904762 0.10606060606060606 0.6883116883116882 0.7142857142857143 0.21052631578947367 0.14354066985645933 0.2006269592476489 0.13793103448275862 0.10526315789473684 0.0 0.0 0.0 
0.884353741496599 0.125 0.4915254237288136 0.1836734693877551 0.0 0.0 0.0 0.1272727272727273 0.0 0.8888888888888891 0.8571428571428572 0.13793103448275862 0.13793103448275862 0.10526315789473684 0.10526315789473684 0.0 0.0 0.0 0.0 0.09126984126984128 0.0 0.8571428571428572 0.8571428571428572 0.47368421052631576 0.47368421052631576 0.3103448275862069 0.3103448275862069 0.0 0.2 0.2 0.0 
0.4081632653061217 0.26666666666666666 0.3220338983050847 0.5918367346938775 0.0 0.0 0.0 0.31818181818181823 0.375 0.7654320987654324 0.8571428571428572 0.13793103448275862 0.25287356321839083 0.2631578947368421 0.47368421052631576 0.0 0.03333333333333333 0.1 0.0 0.0 0.0 0.17142857142857135 0.7142857142857143 0.10526315789473684 0.10526315789473684 0.13793103448275862 0.13793103448275862 0.0 0.0 0.0 0.0 
0.8163265306122434 0.5121951219512195 0.3220338983050847 0.1836734693877551 0.0 0.056910569105691054 0.04878048780487805 0.31818181818181823 0.375 0.7654320987654324 0.8571428571428572 0.13793103448275862 0.25287356321839083 0.2631578947368421 0.47368421052631576 0.0 0.03333333333333333 0.1 0.0 0.05248257839721255 0.04878048780487805 0.8571428571428572 0.8571428571428572 0.47368421052631576 0.47368421052631576 0.3103448275862069 0.3103448275862069 0.0 0.13333333333333333 0.2 0.0 
0.612244897959184 0.42857142857142855 0.15254237288135594 0.1836734693877551 0.0 0.17627401837928153 0.09523809523809523 0.31818181818181823 0.375 0.7654320987654324 0.8571428571428572 0.13793103448275862 0.25287356321839083 0.2631578947368421 0.47368421052631576 0.0 0.03333333333333333 0.1 0.0 0.1480654761904762 0.10606060606060606 0.6883116883116882 0.7142857142857143 0.21052631578947367 0.14354066985645933 0.2006269592476489 0.13793103448275862 0.10526315789473684 0.0 0.0 0.0 
0.6802721088435373 0.625 0.0847457627118644 0.08163265306122448 0.0 0.10964912280701754 0.0 0.31818181818181823 0.375 0.7654320987654324 0.8571428571428572 0.13793103448275862 0.25287356321839083 0.2631578947368421 0.47368421052631576 0.0 0.03333333333333333 0.1 0.0 0.1480654761904762 0.10606060606060606 0.6883116883116882 0.7142857142857143 0.21052631578947367 0.14354066985645933 0.2006269592476489 0.13793103448275862 0.10526315789473684 0.0 0.0 0.0 
0.6802721088435373 0.625 0.0847457627118644 0.08163265306122448 0.0 0.10964912280701754 0.0 0.31818181818181823 0.375 0.7654320987654324 0.8571428571428572 0.13793103448275862 0.25287356321839083 0.2631578947368421 0.47368421052631576 0.0 0.03333333333333333 0.1 0.0 0.1480654761904762 0.10606060606060606 0.6883116883116882 0.7142857142857143 0.21052631578947367 0.14354066985645933 0.2006269592476489 0.13793103448275862 0.10526315789473684 0.0 0.0 0.0 
0.5102040816326531 0.18518518518518517 0.05084745762711865 0.08163265306122448 0.0 0.0 0.0 0.31818181818181823 0.375 0.7654320987654324 0.8571428571428572 0.13793103448275862 0.25287356321839083 0.2631578947368421 0.47368421052631576 0.0 0.03333333333333333 0.1 0.0 0.03148496240601504 0.05263157894736842 0.6071428571428573 0.7142857142857143 0.10526315789473684 0.07368421052631578 0.13793103448275862 0.13793103448275862 0.05555555555555555 0.03333333333333333 0.1 0.0 
0.6802721088435366 0.6486486486486487 0.0847457627118644 0.08163265306122448 0.0 0.14746325272641062 0.13513513513513514 0.31818181818181823 0.375 0.7654320987654324 0.8571428571428572 0.13793103448275862 0.25287356321839083 0.2631578947368421 0.47368421052631576 0.0 0.03333333333333333 0.1 0.0 0.1480654761904762 0.10606060606060606 0.6883116883116882 0.7142857142857143 0.21052631578947367 0.14354066985645933 0.2006269592476489 0.13793103448275862 0.10526315789473684 0.0 0.0 0.0 
0.6802721088435384 0.2857142857142857 0.0847457627118644 0.08163265306122448 0.0 0.0006265664160400995 0.0 0.31818181818181823 0.375 0.7654320987654324 0.8571428571428572 0.13793103448275862 0.25287356321839083 0.2631578947368421 0.47368421052631576 0.0 0.03333333333333333 0.1 0.0 0.007969576719576722 0.014814814814814815 0.7142857142857143 0.7142857142857143 0.10526315789473684 0.10526315789473684 0.13793103448275862 0.13793103448275862 0.027777777777777776 0.1 0.3 0.0 
0.8163265306122449 0.2441860465116279 0.6610169491525424 0.3877551020408163 0.0 0.0 0.0 0.1272727272727273 0.0 0.8888888888888891 0.8571428571428572 0.13793103448275862 0.13793103448275862 0.10526315789473684 0.10526315789473684 0.0 0.0 0.0 0.0 0.0 0.0 0.17142857142857135 0.8571428571428572 1.0 0.2 0.2413793103448276 0.13793103448275862 0.0 0.08 0.4 0.0 
0.8163265306122431 0.0 0.6610169491525424 0.3877551020408163 0.0 0.0009569377990430616 0.0 0.1272727272727273 0.0 0.8888888888888891 0.8571428571428572 0.13793103448275862 0.13793103448275862 0.10526315789473684 0.10526315789473684 0.0 0.0 0.0 0.0 0.0 0.0 0.17142857142857135 0.8571428571428572 1.0 0.2 0.2413793103448276 0.13793103448275862 0.0 0.08 0.4 0.0 
0.0 0.0 0.01694915254237288 0.08163265306122448 0.0 0.15204678362573099 0.0 0.1272727272727273 0.0 0.8888888888888891 0.8571428571428572 0.13793103448275862 0.13793103448275862 0.10526315789473684 0.10526315789473684 0.0 0.0 0.0 0.0 0.0 0.0 0.17142857142857135 0.8571428571428572 1.0 0.2 0.2413793103448276 0.13793103448275862 0.0 0.08 0.4 0.0 
0.34013605442176886 0.0 0.0847457627118644 0.1836734693877551 0.0 1.0 1.0 1.0 1.0 0.37037037037037057 0.3571428571428573 0.3103448275862069 0.3103448275862069 0.10526315789473684 0.10526315789473684 0.0 0.8 0.8 0.0 1.0 1.0 0.3571428571428573 0.3571428571428573 0.10526315789473684 0.10526315789473684 0.3103448275862069 0.3103448275862069 0.0 0.8 0.8 0.0 
0.8163265306122449 0.25 0.3220338983050847 0.1836734693877551 0.0 0.0 0.0 0.1272727272727273 0.0 0.8888888888888891 0.8571428571428572 0.13793103448275862 0.13793103448275862 0.10526315789473684 0.10526315789473684 0.0 0.0 0.0 0.0 0.0 0.0 0.17142857142857135 0.7142857142857143 0.10526315789473684 0.10526315789473684 0.13793103448275862 0.13793103448275862 0.0 0.0 0.0 0.0 
0.5102040816326531 0.18181818181818182 0.05084745762711865 0.08163265306122448 0.0 0.02870813397129187 0.0 0.1272727272727273 0.0 0.8888888888888891 0.8571428571428572 0.13793103448275862 0.13793103448275862 0.10526315789473684 0.10526315789473684 0.0 0.0 0.0 0.0 0.06657608695652174 0.06521739130434782 0.5357142857142857 0.5357142857142857 0.05263157894736842 0.05263157894736842 0.13793103448275862 0.13793103448275862 0.2857142857142857 0.0 0.0 0.0 
0.6802721088435371 0.2222222222222222 0.0847457627118644 0.08163265306122448 0.0 0.02014294996751137 0.0 0.1272727272727273 0.0 0.8888888888888891 0.8571428571428572 0.13793103448275862 0.13793103448275862 0.10526315789473684 0.10526315789473684 0.0 0.0 0.0 0.0 0.007969576719576722 0.014814814814814815 0.7142857142857143 0.7142857142857143 0.10526315789473684 0.10526315789473684 0.13793103448275862 0.13793103448275862 0.027777777777777776 0.1 0.3 0.0 
