1.0 0.12450462983477095 
1.0 0.37721354166666665 
1.0 0.0 
1.0 0.6638392857142856 
1.0 0.2504836309523809 
1.0 0.07412257566422578 
1.0 0.10263157894736842 
1.0 0.043333333333333335 
1.0 0.020535714285714286 
1.0 0.0 
1.0 0.026157407407407407 
1.0 0.1547413204485573 
1.0 0.032205815018315015 
1.0 0.030332996162836103 
1.0 0.0 
1.0 0.05282189515408506 
1.0 0.038461538461538464 
1.0 0.0 
1.0 0.030381944444444444 
1.0 0.09626663165266106 
1.0 0.0 
1.0 0.1375 
1.0 0.5627604166666667 
1.0 0.5875 
1.0 0.21666666666666667 
1.0 0.01614010989010989 
1.0 0.875 
1.0 0.0 
1.0 0.74609375 
1.0 0.047515612783799115 
1.0 0.08066019073796435 
1.0 0.03312715718965719 
1.0 0.2612513354700855 
1.0 0.00684931506849315 
1.0 0.15538194444444445 
1.0 0.0 
1.0 0.0078125 
1.0 0.09461351122061576 
1.0 0.0 
1.0 0.28928571428571426 
1.0 0.0 
1.0 0.13517098218597784 
1.0 0.2114783653846154 
1.0 0.07255670544733045 
1.0 0.05323241977448863 
1.0 0.0 
1.0 0.8410511363636364 
1.0 0.8892361111111111 
1.0 0.984375 
1.0 0.6666666666666666 
1.0 0.96875 
1.0 0.6419270833333333 
1.0 0.5833333333333333 
1.0 0.9479166666666666 
1.0 0.3932291666666667 
1.0 0.446875 
1.0 0.25483630952380953 
1.0 0.001953125 
1.0 0.1540960556046763 
1.0 0.017543859649122806 
1.0 0.8645833333333333 
1.0 0.029938257101252485 
1.0 0.019017269736842105 
1.0 0.07556818181818181 
1.0 0.2618856837606838 
1.0 0.0 
1.0 0.84375 
1.0 0.017847689793130367 
1.0 0.15208333333333335 
1.0 0.03543587497695003 
1.0 0.031897759103641454 
1.0 0.021406388642413485 
1.0 0.05736938071463243 
1.0 0.11611407927951053 
1.0 0.08767857142857143 
1.0 0.0 
1.0 0.5158854166666667 
1.0 0.3520833333333333 
1.0 0.04504853018402558 
1.0 0.045132562977957716 
1.0 0.30729166666666663 
1.0 0.0125 
1.0 0.0 
1.0 0.0586578655585041 
1.0 0.125 
1.0 0.12790643601190477 
1.0 0.025437634469884368 
1.0 0.07482142857142857 
1.0 0.18033234126984127 
1.0 0.04853915998217469 
1.0 0.43830128205128205 
1.0 0.07286444869056985 
1.0 0.1255586890273548 
1.0 0.027901785714285712 
1.0 0.3313969775883838 
1.0 0.0 
1.0 0.0831610275689223 
1.0 0.02288431960599431 
1.0 0.1660536155021449 
1.0 0.0 
1.0 0.04253981613336902 
1.0 0.0 
1.0 0.0 
1.0 0.07621186839515681 
1.0 0.11846813441135523 
1.0 0.031187996031746032 
1.0 0.18263888888888888 
1.0 0.2883573457792208 
1.0 0.02730883813306852 
1.0 0.027890493092271477 
1.0 0.0675563236047107 
1.0 0.045436507936507935 
1.0 0.31194577991452993 
1.0 0.09909162804798033 
1.0 0.0 
1.0 0.0 
1.0 0.016666666666666666 
1.0 0.03995265151515152 
1.0 0.0 
1.0 0.022180203702904494 
1.0 0.028072540914028873 
1.0 0.01028225806451613 
1.0 0.0 
1.0 0.10082114646172935 
1.0 0.048445767195767195 
1.0 0.0 
1.0 0.03262867647058824 
1.0 0.08824895342752485 
1.0 0.01375 
1.0 0.05632571010860484 
1.0 0.1661706349206349 
1.0 0.3965593434343434 
1.0 0.05066287878787879 
1.0 0.07381025031470079 
1.0 0.1219654528478058 
1.0 0.07394168331668331 
1.0 0.1452922077922078 
1.0 0.057556592712842705 
1.0 0.05583355950165426 
1.0 0.09215686274509804 
1.0 0.05795454545454545 
1.0 0.04525994335776944 
1.0 0.06482753357753357 
1.0 0.11458333333333333 
1.0 0.020161290322580645 
1.0 0.90625 
1.0 0.6276041666666666 
1.0 0.875 
1.0 0.75 
1.0 0.5052083333333333 
1.0 0.303125 
1.0 0.05716586163659937 
1.0 0.11708143125671322 
1.0 0.22668901821862347 
1.0 0.0026041666666666665 
1.0 0.15161172306175172 
1.0 0.03575947079236553 
1.0 0.06219265483971367 
0.0 0.08790753917522212 
0.0 0.0 
0.0 0.0 
0.0 0.0 
0.0 0.2690515350877193 
0.0 0.06840391007816848 
0.0 0.0 
0.0 0.06521495745633676 
0.0 0.00625 
0.0 0.0373338684799979 
0.0 0.0 
0.0 0.0 
0.0 0.0 
0.0 0.04573343945504283 
0.0 0.0 
0.0 0.0 
0.0 0.0 
0.0 0.0 
0.0 0.032472923819685105 
0.0 0.1244728389189437 
0.0 0.0849228896103896 
0.0 0.15023291925465837 
0.0 0.0 
0.0 0.1631892230576441 
0.0 0.031354515050167224 
0.0 0.0 
0.0 0.10616071428571427 
0.0 0.0 
0.0 0.06459385742933538 
0.0 0.140625 
0.0 0.0 
0.0 0.04394542957042957 
0.0 0.0 
0.0 0.03737419484702093 
0.0 0.0375 
0.0 0.07362914862914863 
0.0 0.031010230179028132 
0.0 0.0 
0.0 0.16991421568627452 
0.0 0.028763440860215053 
0.0 0.08756410256410256 
0.0 0.15879976215913716 
0.0 0.0 
0.0 0.055583116630717834 
0.0 0.058745625507157444 
0.0 0.0 
0.0 0.0 
0.0 0.0 
0.0 0.04249525021198734 
0.0 0.5420673076923077 
0.0 0.13333333333333333 
0.0 0.0 
0.0 0.0 
0.0 0.06886015325670497 
0.0 0.11161629531744087 
0.0 0.0 
0.0 0.0 
0.0 0.0 
0.0 0.05755928853754941 
0.0 0.09035714285714286 
0.0 0.18716583124477862 
0.0 0.0 
0.0 0.0 
0.0 0.11187286653012458 
0.0 0.0758307210031348 
0.0 0.10166305916305916 
0.0 0.15294828869047616 
0.0 0.09802944369571728 
0.0 0.0861359126984127 
0.0 0.03253097112242333 
0.0 0.14166666666666666 
0.0 0.05184774065958474 
0.0 0.09838267543859648 
0.0 0.294683614996115 
0.0 0.0 
0.0 0.049848716660577275 
0.0 0.03484995074584858 
0.0 0.01834418322905165 
0.0 0.09372704149150586 
0.0 0.1174678657694962 
0.0 0.07806437362393101 
0.0 0.13220333342206236 
0.0 0.10053581360241538 
0.0 0.04181639007868985 
0.0 0.0 
0.0 0.0 
0.0 0.0341293292163411 
0.0 0.06927773064340496 
0.0 0.006392045454545454 
0.0 0.03903976475253669 
0.0 0.09993386243386243 
0.0 0.07455217357362853 
0.0 0.0 
0.0 0.0 
0.0 0.0 
0.0 0.011160714285714286 
0.0 0.053397486080976234 
0.0 0.0 
0.0 0.033482142857142856 
0.0 0.03273162743871133 
0.0 0.0 
0.0 0.025314212814212814 
0.0 0.20716567560728744 
0.0 0.0 
0.0 0.0 
0.0 0.0 
0.0 0.0 
0.0 0.0 
0.0 0.0 
0.0 0.0 
0.0 0.0 
0.0 0.0 
0.0 0.0 
0.0 0.0 
0.0 0.0 
0.0 0.0 
0.0 0.030393558223746904 
0.0 0.0 
0.0 0.14525025672324265 
0.0 0.07568805893002295 
0.0 0.1311832616396761 
0.0 0.12503445527514848 
0.0 0.2677356280871906 
0.0 0.022242719080579863 
0.0 0.0 
0.0 0.04222085385878489 
0.0 0.059051501035196685 
0.0 0.065625 
0.0 0.06336805555555555 
0.0 0.0 
0.0 0.0 
0.0 0.031977353320438426 
0.0 0.0 
0.0 0.013721264367816092 
0.0 0.04704545454545454 
0.0 0.0 
0.0 0.0 
0.0 0.0 
0.0 0.0 
0.0 0.05410489667565139 
0.0 0.10369251867413631 
0.0 0.04317567794840617 
0.0 0.1668498602092352 
0.0 0.053073086479612876 
0.0 0.12960375438054011 
0.0 0.0 
0.0 0.043478260869565216 
0.0 0.06595744851034059 
0.0 0.0 
0.0 0.0 
0.0 0.06479883209242453 
0.0 0.26725113122171945 
0.0 0.0 
0.0 0.0625 
0.0 0.16666666666666666 
0.0 0.0 
0.0 0.0 
0.0 0.0 
0.0 0.0 
0.0 0.28919002669717775 
0.0 0.023457920584936714 
0.0 0.05929487179487179 
0.0 0.0 
0.0 0.07125124300638168 
0.0 0.06752554353383144 
0.0 0.048637570864525664 
0.0 0.0 
0.0 0.0 
0.0 0.0 
0.0 0.3333333333333333 
0.0 0.0 
0.0 0.0 
0.0 0.7208333333333333 
0.0 0.0 
0.0 0.0 
0.0 0.024817136886102403 
0.0 0.09964195444278083 
0.0 0.16145833333333331 
0.0 0.0 
0.0 0.05964290979267459 
0.0 0.0 
0.0 0.07019704433497537 
0.0 0.036585365853658534 
0.0 0.09525226757369615 
0.0 0.0 
0.0 0.0 
0.0 0.06021566514101985 
0.0 0.04126089427813565 
0.0 0.022727272727272728 
0.0 0.0924166731086374 
0.0 0.0565891107146775 
0.0 0.04892251498939104 
0.0 0.1504029462394714 
0.0 0.12246728168384262 
0.0 0.2730544309491678 
0.0 0.033121264700212066 
0.0 0.09726737065958999 
0.0 0.04535837006193691 
0.0 0.08546335200746966 
0.0 0.0861413060918243 
0.0 0.08038607900340636 
0.0 0.431671626984127 
0.0 0.0 
0.0 0.0 
0.0 0.05925925925925926 
0.0 0.024966931216931217 
0.0 0.0 
0.0 0.07758763529541499 
0.0 0.03394242952169781 
0.0 0.08167134461311407 
0.0 0.09701797385620914 
0.0 0.07589285714285714 
0.0 0.06527606642023118 
0.0 0.0 
0.0 0.04959077884027174 
0.0 0.0342643911043069 
0.0 0.06383544546850999 
0.0 0.0 
0.0 0.08049804238828628 
0.0 0.012283986175115207 
0.0 0.0 
0.0 0.044705321618037135 
0.0 0.0 
0.0 0.04944465249671831 
0.0 0.130859375 
0.0 0.03203357514880953 
0.0 0.0 
0.0 0.0 
0.0 0.0 
0.0 0.0848827030812325 
0.0 0.0483787778966817 
0.0 0.10750336927223719 
0.0 0.04098128190584231 
0.0 0.02155009143155695 
0.0 0.10251975618720902 
0.0 0.022575803825803827 
0.0 0.03522727272727273 
0.0 0.09699415168165168 
0.0 0.0758307210031348 
0.0 0.04937172585380306 
0.0 0.06410082972582973 
0.0 0.275 
0.0 0.0 
0.0 0.1765320616883117 
0.0 0.03705260096805792 
0.0 0.02251546737784476 
0.0 0.04438466354529617 
0.0 0.03477453265986997 
0.0 0.07452435772288714 
0.0 0.140625 
0.0 0.0 
0.0 0.0 
0.0 0.10227706648697216 
0.0 0.07906811299081035 
0.0 0.0 
0.0 0.0 
0.0 0.0877544943077288 
0.0 0.04460734489061009 
0.0 0.0 
0.0 0.011029411764705883 
0.0 0.07066326175356506 
0.0 0.1103767288165266 
0.0 0.0625 
0.0 0.05197849025974026 
0.0 0.058280637303752825 
0.0 0.07140215269750541 
0.0 0.08530956298509973 
0.0 0.0 
0.0 0.0 
0.0 0.0 
0.0 0.0625 
0.0 0.0 
0.0 0.0 
0.0 0.0 
0.0 0.00234375 
0.0 0.6510416666666666 
0.0 0.0 
0.0 0.0 
0.0 0.019578152376665874 
0.0 0.09501609337989056 
0.0 0.1 
0.0 0.0 
0.0 0.07608408748114631 
0.0 0.027283967292190976 
0.0 0.018687506187506187 
0.0 0.07376212460374879 
0.0 0.06268811624286455 
0.0 0.0 
0.0 0.12378175806131472 
0.0 0.009983766233766234 
0.0 0.11507554945054946 
0.0 0.032193075904251106 
0.0 0.0 
0.0 0.06686507936507935 
0.0 0.06724867037450336 
0.0 0.10913730264833206 
0.0 0.07499313883378285 
0.0 0.05020791887709991 
0.0 0.029584942084942084 
0.0 0.0 
0.0 0.08333333333333333 
0.0 0.08680970893141945 
0.0 0.08862299520502646 
0.0 0.13715277777777776 
0.0 0.05036630036630037 
0.0 0.0 
0.0 0.0 
0.0 0.15102724417751695 
0.0 0.03858806941347702 
0.0 0.04977621483375959 
0.0 0.0 
0.0 0.053035086236065294 
0.0 0.049360795454545456 
0.0 0.0 
0.0 0.0 
0.0 0.0 
0.0 0.0 
0.0 0.0 
0.0 0.0 
0.0 0.0432742312918612 
0.0 0.07398813564159722 
0.0 0.02196035872022714 
0.0 0.0 
0.0 0.2556625939849624 
0.0 0.1173490123382365 
0.0 0.11019088669950738 
0.0 0.054991659819128895 
0.0 0.18675595238095238 
0.0 0.0 
0.0 0.07078418019944037 
0.0 0.0 
0.0 0.05435823083072694 
0.0 0.0 
0.0 0.09775641025641026 
0.0 0.015911485165517426 
0.0 0.14496843795506553 
0.0 0.0762987012987013 
0.0 0.023809523809523808 
0.0 0.0 
0.0 0.024427702115328888 
0.0 0.16521443221810872 
0.0 0.0 
0.0 0.11300621100713013 
0.0 0.10209865196078431 
0.0 0.17142857142857143 
0.0 0.12276198308270676 
0.0 0.14694760101010101 
0.0 0.038637572061728506 
0.0 0.0 
0.0 0.03387828496028335 
0.0 0.05265484817115251 
0.0 0.11284639273769709 
0.0 0.0 
0.0 0.0 
0.0 0.0 
0.0 0.0 
0.0 0.0 
0.0 0.07675925925925925 
0.0 0.0 
0.0 0.0 
0.0 0.0 
0.0 0.0 
0.0 0.0 
0.0 0.0776585723477482 
0.0 0.0 
0.0 0.03536528071411792 
0.0 0.08278749339527773 
0.0 0.028434303850793666 
0.0 0.016281512605042014 
0.0 0.11411746945776595 
0.0 0.33623511904761905 
0.0 0.09111733582321818 
0.0 0.09162434039773801 
0.0 0.04149197722567288 
0.0 0.06620553359683795 
0.0 0.000390625 
0.0 0.024985800489832746 
0.0 0.0 
0.0 0.0 
0.0 0.0015625 
0.0 0.1181702955304929 
0.0 0.0 
0.0 0.005681818181818182 
0.0 0.23775397352745856 
0.0 0.21904761904761905 
0.0 0.0 
0.0 0.010233441175053017 
0.0 0.08269580289099446 
0.0 0.0 
0.0 0.2754693223443223 
0.0 0.1955588511527913 
0.0 0.07138157894736842 
0.0 0.2 
0.0 0.04709673517053582 
0.0 0.1379764197078061 
0.0 0.053527577822125215 
0.0 0.13894194041252866 
0.0 0.0 
0.0 0.0 
0.0 0.07281746031746032 
0.0 0.0 
0.0 0.0 
0.0 0.0 
0.0 0.27321428571428574 
0.0 0.05506993006993007 
0.0 0.03192285925732445 
0.0 0.0 
0.0 0.4760416666666667 
0.0 0.0 
0.0 0.5380208333333334 
0.0 0.0 
0.0 0.0 
0.0 0.47098214285714285 
0.0 0.0 
0.0 0.08779220779220778 
0.0 0.09618119975262832 
0.0 0.0 
0.0 0.04127298692756455 
0.0 0.0 
0.0 0.016686664784490872 
0.0 0.12152777777777778 
0.0 0.051876184610838205 
0.0 0.0 
0.0 0.0 
0.0 0.08313397129186603 
0.0 0.0078125 
0.0 0.0625 
0.0 0.0 
0.0 0.0 
0.0 0.07836427454718425 
0.0 0.0 
0.0 0.02773067449791588 
0.0 0.06212027914614121 
0.0 0.16666666666666666 
0.0 0.0 
0.0 0.1419201203208556 
0.0 0.12491644385026739 
0.0 0.058402777777777776 
0.0 0.009241854636591478 
0.0 0.13084922672534996 
0.0 0.10124160065009952 
0.0 0.0 
0.0 0.0 
0.0 0.0 
0.0 0.0 
0.0 0.14950396825396825 
0.0 0.10251775917628343 
0.0 0.07942377495462795 
0.0 0.0 
0.0 0.04263837416011329 
0.0 0.17248376623376624 
0.0 0.1516023804626746 
0.0 0.02793706383415435 
0.0 0.0 
0.0 0.0 
0.0 0.028051828327563623 
0.0 0.0 
0.0 0.04532042922925739 
0.0 0.0 
0.0 0.1918394105894106 
0.0 0.04228988603988604 
0.0 0.021147629310344827 
0.0 0.0 
0.0 0.01623269611074489 
0.0 0.04489087301587301 
0.0 0.07142857142857142 
0.0 0.0 
0.0 0.24838574016563147 
0.0 0.08424898695110228 
0.0 0.07118955582449739 
0.0 0.19598284744769118 
0.0 0.026542317331791014 
0.0 0.04125329597890574 
0.0 0.0 
0.0 0.03852847339323105 
0.0 0.10251444327731092 
0.0 0.07091341916503048 
0.0 0.0 
0.0 0.08166666666666667 
0.0 0.0 
0.0 0.08487023849186517 
0.0 0.0 
0.0 0.0 
0.0 0.060427825998478166 
0.0 0.03971036585365854 
0.0 0.0 
0.0 0.0 
0.0 0.0 
0.0 0.0 
0.0 0.03185284731136785 
0.0 0.0 
0.0 0.024096434479498996 
0.0 0.11504938229858942 
0.0 0.025456773618538327 
0.0 0.05323027463021002 
0.0 0.022976871918404175 
0.0 0.10340465133421789 
0.0 0.0 
0.0 0.0852319968794272 
0.0 0.12736742424242425 
0.0 0.05741869918699187 
0.0 0.1358950012251899 
0.0 0.23785485347985347 
0.0 0.0 
0.0 0.08172325490369844 
0.0 0.060896792966152725 
0.0 0.05570392644802346 
0.0 0.0 
0.0 0.08497855056173713 
0.0 0.0 
0.0 0.06022791353383458 
0.0 0.01 
0.0 0.1763392857142857 
0.0 0.0 
0.0 0.1015151515151515 
0.0 0.11986607142857142 
0.0 0.09507188072438755 
0.0 0.07769678203702118 
0.0 0.12583772359715756 
0.0 0.02291556979056979 
0.0 0.11049027219583486 
0.0 0.0 
0.0 0.0 
0.0 0.17613636363636365 
0.0 0.0 
0.0 0.011328976034858388 
0.0 0.0 
0.0 0.0 
0.0 0.0 
0.0 0.03125 
0.0 0.06042785339660339 
0.0 0.05367077779039812 
0.0 0.388967803030303 
0.0 0.11005704365079365 
0.0 0.05245499415079924 
0.0 0.03312866469072 
0.0 0.2577360389896145 
0.0 0.05808974919372187 
0.0 0.0 
0.0 0.0 
0.0 0.0 
0.0 0.0 
0.0 0.2301209430297085 
0.0 0.03413792319949258 
0.0 0.0 
0.0 0.06836484593837534 
0.0 0.0 
0.0 0.09655676664605237 
0.0 0.08142239485772229 
0.0 0.04222080739483116 
0.0 0.03567061335403726 
0.0 0.02236978881715724 
0.0 0.12350705227743271 
0.0 0.14765625 
0.0 0.07486745025807526 
0.0 0.0 
0.0 0.078125 
0.0 0.09047619047619047 
0.0 0.0959707852751345 
0.0 0.0 
0.0 0.13521256315562247 
0.0 0.0 
0.0 0.060358289389782445 
0.0 0.08677286255411254 
0.0 0.08823529411764706 
0.0 0.11254320276497695 
0.0 0.13581246201946762 
0.0 0.06594290383697071 
0.0 0.0782117444679021 
0.0 0.08753777472527471 
0.0 0.03107279431593456 
0.0 0.0 
0.0 0.008064516129032258 
0.0 0.10053538254757766 
0.0 0.03465671523598353 
0.0 0.05457513118197994 
0.0 0.12801192073997184 
0.0 0.1 
0.0 0.05929487179487179 
0.0 0.0 
0.0 0.0 
0.0 0.15208333333333335 
0.0 0.9709821428571428 
0.0 0.08845287771192475 
0.0 0.04043706383415435 
0.0 0.12142857142857143 
0.0 0.1863011988011988 
0.0 0.21428571428571427 
0.0 0.040003855793329476 
0.0 0.0 
0.0 0.0 
0.0 0.0 
0.0 0.0 
0.0 0.0 
0.0 0.07005641589877162 
0.0 0.2832205212550607 
0.0 0.0 
0.0 0.07222784636401205 
0.0 0.0 
0.0 0.04677565357690305 
0.0 0.02105908152734778 
0.0 0.0 
0.0 0.052620893318567744 
0.0 0.0 
0.0 0.06397501478839225 
0.0 0.0 
0.0 0.045184900883430294 
0.0 0.08333333333333333 
0.0 0.05930806917969587 
0.0 0.06840277777777778 
0.0 0.030869565217391304 
0.0 0.08300046992481203 
0.0 0.09435209116541353 
0.0 0.10380062139662397 
0.0 0.0 
0.0 0.078125 
0.0 0.0 
0.0 0.12308784965034965 
0.0 0.00872093023255814 
0.0 0.07818181818181817 
0.0 0.01744186046511628 
0.0 0.0 
0.0 0.03488372093023256 
0.0 0.0705501540238737 
0.0 0.05214056776556776 
0.0 0.0 
0.0 0.0 
0.0 0.0013950892857142857 
0.0 0.07293393211114313 
0.0 0.04547870248298195 
0.0 0.0 
0.0 0.0 
0.0 0.0 
0.0 0.14168688535196688 
0.0 0.06516761811830271 
0.0 0.004807692307692308 
0.0 0.0 
0.0 0.0 
0.0 0.0 
0.0 0.00813379329004329 
0.0 0.08746288634817323 
0.0 0.0 
0.0 0.09827041510887763 
0.0 0.0 
0.0 0.0 
0.0 0.0 
0.0 0.0 
0.0 0.0 
0.0 0.0 
0.0 0.0 
0.0 0.0 
0.0 0.0 
0.0 0.0 
0.0 0.0 
0.0 0.0 
0.0 0.0 
0.0 0.049479166666666664 
0.0 0.04350212310202299 
0.0 0.015625 
0.0 0.0 
0.0 0.0 
0.0 0.11408335588023087 
0.0 0.0 
0.0 0.0 
0.0 0.0078125 
0.0 0.013888888888888888 
0.0 0.012249783986175114 
0.0 0.04438405797101449 
0.0 0.0 
0.0 0.3699573863636364 
0.0 0.14529914529914528 
0.0 0.07650253497625466 
0.0 0.022009544974514732 
0.0 0.03164823589423031 
0.0 0.0 
0.0 0.0125 
0.0 0.0 
0.0 0.26479505380123947 
0.0 0.0894225076394194 
0.0 0.08298510193551104 
0.0 0.0 
0.0 0.03567707123668401 
0.0 0.0 
0.0 0.0 
0.0 0.0 
0.0 0.0 
0.0 0.0 
0.0 0.0 
0.0 0.0 
0.0 0.0 
0.0 0.1231705182072829 
0.0 0.0 
0.0 0.11558284256508206 
0.0 0.0530055115044973 
0.0 0.29166666666666663 
0.0 0.05760120256838716 
0.0 0.0971037208668393 
0.0 0.12692043655655516 
0.0 0.18253621378621376 
0.0 0.04782012195121951 
0.0 0.010416666666666666 
0.0 0.2708333333333333 
0.0 0.0 
0.0 0.0664829611089719 
0.0 0.0 
0.0 0.0 
0.0 0.0 
0.0 0.0 
0.0 0.0 
0.0 0.07425884973384202 
0.0 0.0 
0.0 0.0 
0.0 0.09119078825164856 
0.0 0.0 
0.0 0.0 
0.0 0.09412362505978 
0.0 0.0 
0.0 0.01743951612903226 
0.0 0.08405881138066246 
0.0 0.002840909090909091 
0.0 0.10851044252928445 
0.0 0.0 
0.0 0.0 
0.0 0.390625 
0.0 0.0 
0.0 0.3333333333333333 
0.0 0.0 
0.0 0.0 
0.0 0.0543022176178484 
0.0 0.15095906697469197 
0.0 0.20003434065934067 
0.0 0.052987453722747845 
0.0 0.025520791814297755 
0.0 0.0 
0.0 0.0 
0.0 0.0 
0.0 0.03420824185530068 
0.0 0.022727272727272728 
0.0 0.11180160984848485 
0.0 0.09553059039773801 
0.0 0.18247247746790257 
0.0 0.18014921397269457 
0.0 0.0 
0.0 0.02720125786163522 
0.0 0.08333333333333333 
0.0 0.027777777777777776 
0.0 0.03125 
0.0 0.0 
0.0 0.10831429376993078 
0.0 0.10184458398744113 
0.0 0.010869565217391304 
0.0 0.0 
0.0 0.053841635338345864 
0.0 0.050534539473684206 
0.0 0.021561383750824746 
0.0 0.10604363620448179 
0.0 0.11770833333333333 
0.0 0.0423955639948287 
0.0 0.0655048076923077 
0.0 0.03418282907338366 
0.0 0.07874597207303974 
0.0 0.0962396978021978 
0.0 0.10088133727091643 
0.0 0.05851482259570495 
0.0 0.029018912529550828 
0.0 0.07850056689342404 
0.0 0.0 
0.0 0.03626024741140249 
0.0 0.0 
0.0 0.0 
0.0 0.0 
0.0 0.0 
0.0 0.0 
0.0 0.0 
0.0 0.0 
0.0 0.0 
0.0 0.0625 
0.0 0.41907051282051283 
0.0 0.10625 
0.0 0.1875 
0.0 0.0 
0.0 0.05003720238095238 
0.0 0.39769345238095233 
0.0 0.0 
0.0 0.0 
0.0 0.046875 
0.0 0.0 
0.0 0.0 
0.0 0.0 
0.0 0.0 
0.0 0.0 
0.0 0.21197916666666666 
0.0 0.0 
0.0 0.05884784075573549 
0.0 0.0 
0.0 0.1395920745920746 
0.0 0.07360909888683805 
0.0 0.19921875 
0.0 0.0 
0.0 0.0 
0.0 0.11637855800214822 
0.0 0.02355072463768116 
0.0 0.0 
0.0 0.1333529605694365 
0.0 0.09095392024194167 
0.0 0.0 
0.0 0.0 
0.0 0.0 
0.0 0.0 
0.0 0.062437380627418194 
0.0 0.0 
0.0 0.0 
0.0 0.041396103896103896 
0.0 0.11653439153439153 
0.0 0.1375 
0.0 0.03970734126984127 
0.0 0.02992566216891554 
0.0 0.10286458333333333 
0.0 0.05390240147783251 
0.0 0.01 
0.0 0.0 
0.0 0.06998012736698997 
0.0 0.010416666666666666 
0.0 0.011393229166666666 
0.0 0.092952214204867 
0.0 0.0 
0.0 0.07669158858511957 
0.0 0.0 
0.0 0.06376746511762738 
0.0 0.07572216386554621 
0.0 0.0 
0.0 0.03774928774928775 
0.0 0.0 
0.0 0.0 
0.0 0.03152507215007215 
0.0 0.0 
0.0 0.0577740293560606 
0.0 0.10683029309284689 
0.0 0.03487903225806452 
0.0 0.0 
0.0 0.07414049671592775 
0.0 0.03741789819376026 
0.0 0.024366779054279055 
0.0 0.04791253072414445 
0.0 0.06840046770456434 
0.0 0.036466149595365996 
0.0 0.03664555392054887 
0.0 0.96875 
0.0 0.0 
0.0 0.031629677887901574 
0.0 0.0 
0.0 0.0 
0.0 0.030232541923413604 
0.0 0.04224308300395257 
0.0 0.006184895833333333 
0.0 0.0 
0.0 0.036123765040556644 
0.0 0.0 
0.0 0.0 
0.0 0.07835286519693074 
0.0 0.0 
0.0 0.07583149685507845 
0.0 0.0 
0.0 0.07060185185185185 
0.0 0.09787054215625644 
0.0 0.08765782828282828 
0.0 0.07323763476107226 
0.0 0.03685815942680931 
0.0 0.05369416788454512 
0.0 0.0 
0.0 0.0 
0.0 0.0239010989010989 
0.0 0.04681587157809984 
0.0 0.12456223597162441 
0.0 0.04975328947368421 
0.0 0.11442307692307693 
0.0 0.0 
0.0 0.04282745596331495 
0.0 0.1111921689303905 
0.0 0.0496031746031746 
0.0 0.34635416666666663 
0.0 0.0 
0.0 0.2144507166058056 
0.0 0.0625 
0.0 0.041666666666666664 
0.0 0.0 
0.0 0.0 
0.0 0.0 
0.0 0.0 
0.0 0.0 
0.0 0.0 
0.0 0.0 
0.0 0.0 
0.0 0.0 
0.0 0.0 
0.0 0.0 
0.0 0.125 
0.0 0.1334375 
0.0 0.04201598032127484 
0.0 0.0653482917632093 
0.0 0.0 
0.0 0.04050149571206575 
0.0 0.0 
0.0 0.018272050530115047 
0.0 0.03408916293290047 
0.0 0.0 
0.0 0.07152220223091542 
0.0 0.0 
0.0 0.475 
0.0 0.44372632575757576 
0.0 0.058548850574712645 
0.0 0.0 
0.0 0.18392237103174602 
0.0 0.026594728800611152 
0.0 0.11124292374292374 
0.0 0.046454678362573096 
0.0 0.0 
0.0 0.0 
0.0 0.0 
0.0 0.1251612103174603 
0.0 0.07791327157651148 
0.0 0.04043322101155261 
0.0 0.0872684447135067 
0.0 0.0 
0.0 0.01 
0.0 0.22838541666666667 
0.0 0.047991071428571425 
0.0 0.03634768118272669 
0.0 0.015126906053021876 
0.0 0.06998790731902808 
0.0 0.18013392857142857 
0.0 0.24832058703358045 
0.0 0.11727541157175816 
0.0 0.07568768037518037 
0.0 0.0479320896373041 
0.0 0.05807659171968382 
0.0 0.02321555759055759 
0.0 0.0795541465378422 
0.0 0.0 
0.0 0.07221728998799898 
0.0 0.001838235294117647 
0.0 0.0 
0.0 0.0 
0.0 0.11770833333333333 
0.0 0.05309983896940418 
0.0 0.0 
0.0 0.0 
0.0 0.08333333333333333 
0.0 0.062321937321937325 
0.0 0.09560924369747899 
0.0 0.33242287226662226 
0.0 0.08410714285714285 
0.0 0.13890502117362372 
0.0 0.09758369823024995 
0.0 0.0476431496050163 
0.0 0.0 
0.0 0.0 
0.0 0.027304262060898907 
0.0 0.0 
0.0 0.1055607057146466 
0.0 0.30119047619047623 
0.0 0.014962073191345503 
0.0 0.141003012485482 
0.0 0.0 
0.0 0.0 
0.0 0.11779880084682474 
0.0 0.16199788862033107 
0.0 0.05546583850931677 
0.0 0.027474267900459808 
0.0 0.0824234693877551 
0.0 0.05837327435109693 
0.0 0.06923890063424948 
0.0 0.09707671957671957 
0.0 0.3507440476190476 
0.0 0.0 
0.0 0.0 
0.0 0.07884837124504974 
0.0 0.0 
0.0 0.06843556833791209 
0.0 0.0 
0.0 0.0 
0.0 0.0 
0.0 0.0 
0.0 0.028766985130935528 
0.0 0.0 
0.0 0.07244318181818182 
0.0 0.0 
0.0 0.030850377360617173 
0.0 0.1180833960725265 
0.0 0.03391148256058921 
0.0 0.0 
0.0 0.0805481821873342 
0.0 0.0876782481781479 
0.0 0.06944444444444445 
0.0 0.31825206043956045 
0.0 0.004577020202020202 
0.0 0.021739130434782608 
0.0 0.11489056562777912 
0.0 0.0 
0.0 0.0 
0.0 0.03571428571428571 
0.0 0.03125 
0.0 0.09505208333333333 
0.0 0.29375 
0.0 0.0 
0.0 0.06216346556530325 
0.0 0.03125 
0.0 0.0 
0.0 0.03297368282124379 
0.0 0.0 
0.0 0.0 
0.0 0.0 
0.0 0.0 
0.0 0.0 
0.0 0.0 
0.0 0.11737516869095817 
0.0 0.17655677655677654 
0.0 0.08167752274607112 
0.0 0.06008017035432769 
0.0 0.0 
0.0 0.04718137254901961 
0.0 0.156717254784689 
0.0 0.3142857142857143 
0.0 0.0 
0.0 0.009106182795698924 
0.0 0.09288219911074602 
0.0 0.0 
0.0 0.0 
0.0 0.22916666666666666 
0.0 0.125 
0.0 0.0 
0.0 0.05 
0.0 0.22037760416666666 
0.0 0.07995975378787878 
0.0 0.0 
0.0 0.03351022012578616 
0.0 0.05077489946306023 
0.0 0.0 
0.0 0.062221000534074644 
0.0 0.059280936454849505 
0.0 0.041666666666666664 
0.0 0.0700179211469534 
0.0 0.057692307692307696 
0.0 0.08333333333333333 
0.0 0.0 
0.0 0.0 
0.0 0.06756711369798596 
0.0 0.07180353613777526 
0.0 0.021694395131895132 
0.0 0.10330086580086581 
0.0 0.18214285714285713 
0.0 0.06373561342010985 
0.0 0.12473529075091576 
0.0 0.04618771225182863 
0.0 0.03494039206691646 
0.0 0.0 
0.0 0.05349574308712797 
0.0 0.06863622722563892 
0.0 0.15540399487779707 
0.0 0.07142857142857142 
0.0 0.0 
0.0 0.046085111583658044 
0.0 0.07819156298462862 
0.0 0.17342032967032966 
0.0 0.022840909090909092 
0.0 0.16881096844332139 
0.0 0.128487571298937 
0.0 0.25731496208469895 
0.0 0.11749344286322211 
0.0 0.0 
0.0 0.075 
0.0 0.0 
0.0 0.15045262137902898 
0.0 0.0375 
0.0 0.0 
0.0 0.2458870935921717 
0.0 0.001736111111111111 
0.0 0.05608893734619354 
0.0 0.1238095238095238 
0.0 0.16257440476190477 
0.0 0.8854166666666666 
0.0 0.175 
0.0 0.35416666666666663 
0.0 0.0 
0.0 0.0827556973876507 
0.0 0.0 
0.0 0.01503603357051633 
0.0 0.0818452380952381 
0.0 0.0 
0.0 0.0 
0.0 0.07698876240604641 
0.0 0.0 
0.0 0.6367559523809524 
0.0 0.03851070804195804 
0.0 0.17142857142857143 
0.0 0.010416666666666666 
0.0 0.014964910039638301 
0.0 0.0 
0.0 0.11996525223812315 
0.0 0.0 
0.0 0.0 
0.0 0.062288001137955185 
0.0 0.247215243637941 
0.0 0.0 
0.0 0.0 
0.0 0.13601432961692395 
0.0 0.07901493930905695 
0.0 0.11848214285714286 
0.0 0.08198601252369635 
0.0 0.0 
0.0 0.0 
0.0 0.0 
0.0 0.37825126262626263 
0.0 0.03626726610376592 
0.0 0.0 
0.0 0.10760443134763786 
0.0 0.021905008460476213 
0.0 0.0 
0.0 0.0 
0.0 0.0 
0.0 0.0 
0.0 0.0 
0.0 0.0 
0.0 0.0 
0.0 0.03398294413919414 
0.0 0.06390449455037756 
0.0 0.03198402948402949 
0.0 0.0 
0.0 0.0 
0.0 0.12083333333333333 
0.0 0.04470691754327904 
0.0 0.0 
0.0 0.0 
0.0 0.0 
0.0 0.14181354359925788 
0.0 0.040018315018315015 
0.0 0.03735957247620534 
0.0 0.0 
0.0 0.05801767676767677 
0.0 0.0 
0.0 0.032830748183445654 
0.0 0.16087549603174603 
0.0 0.11008915761426522 
0.0 0.05926213480561306 
0.0 0.07628205128205129 
0.0 0.06477011494252874 
0.0 0.0340033454448777 
0.0 0.0 
0.0 0.02821294990556981 
0.0 0.0947681882409705 
0.0 0.029314357321876115 
0.0 0.0 
0.0 0.0 
0.0 0.017857142857142856 
0.0 0.0655290634252766 
0.0 0.09023688779239766 
0.0 0.0747425788497217 
0.0 0.04953239276683189 
0.0 0.07277158843335313 
0.0 0.0 
0.0 0.0 
0.0 0.06071428571428571 
0.0 0.03727342500384713 
0.0 0.0 
0.0 0.09367462894248609 
0.0 0.03861559139784946 
0.0 0.06760048080534896 
0.0 0.0 
0.0 0.12641611533120967 
0.0 0.0 
0.0 0.0 
0.0 0.0 
0.0 0.0 
0.0 0.016440886699507388 
0.0 0.07859028045180336 
0.0 0.0309981684981685 
0.0 0.010416666666666666 
0.0 0.023551392301392304 
0.0 0.18483642407007012 
0.0 0.11790674603174603 
0.0 0.09734130604020655 
0.0 0.008370535714285714 
0.0 0.0 
0.0 0.049132220455749866 
0.0 0.13044464609800363 
0.0 0.09085213032581453 
0.0 0.13159722222222223 
0.0 0.05613911022234821 
0.0 0.11139368883934102 
0.0 0.10791114058355437 
0.0 0.0 
0.0 0.029093774227255873 
0.0 0.015625 
0.0 0.17832167832167833 
0.0 0.0 
0.0 0.08623503893979638 
0.0 0.128841632399479 
0.0 0.15608962035771246 
0.0 0.0 
0.0 0.10545512671471752 
0.0 0.0 
0.0 0.06792209067432275 
0.0 0.027720668166649812 
0.0 0.02 
0.0 0.07075688542007191 
0.0 0.19177350427350429 
0.0 0.0657654621533298 
0.0 0.11718602955015998 
0.0 0.19250992063492062 
0.0 0.15833333333333333 
0.0 0.15 
0.0 0.0 
0.0 0.0 
0.0 0.0 
0.0 0.0 
0.0 0.3958333333333333 
0.0 0.07471121741828442 
0.0 0.12965546472672554 
0.0 0.0858919500033232 
0.0 0.0859169048046414 
0.0 0.0 
0.0 0.049636670999817556 
0.0 0.052681479923002525 
0.0 0.10368260552084081 
0.0 0.1360485306927649 
0.0 0.08638054653679653 
0.0 0.158469012605042 
0.0 0.14391638630089715 
0.0 0.04171754171754172 
0.0 0.09168918438962301 
0.0 0.14672619047619045 
0.0 0.15074139663361596 
0.0 0.06826103689042828 
0.0 0.11960963362617774 
0.0 0.08364616308331901 
0.0 0.02890854485246185 
0.0 0.07304518398268398 
0.0 0.24137989203778676 
0.0 0.10294871794871795 
0.0 0.13075301434676434 
0.0 0.031995123778129575 
0.0 0.14790331196581197 
0.0 0.13951762922202854 
0.0 0.04908906882591093 
0.0 0.19273324714501183 
0.0 0.17793174962292607 
0.0 0.08307547817970444 
0.0 0.11400622740577762 
0.0 0.06795107402778926 
0.0 0.11637471412172551 
0.0 0.02085095551378446 
0.0 0.04509435353088603 
0.0 0.10888157894736841 
0.0 0.03571428571428571 
0.0 0.0 
0.0 0.0 
0.0 0.0 
0.0 0.0 
0.0 0.03829268292682927 
0.0 0.021932525278714025 
0.0 0.06919780840589491 
0.0 0.23854166666666665 
0.0 0.45625000000000004 
0.0 0.10924346468147007 
0.0 0.1055607057146466 
0.0 0.2798617951965475 
0.0 0.17170758928571428 
0.0 0.08289656379793296 
0.0 0.003125 
0.0 0.054182849371208874 
0.0 0.06391328735441545 
0.0 0.0 
0.0 0.09676270417422866 
0.0 0.12643678160919541 
0.0 0.0 
0.0 0.0 
0.0 0.0 
0.0 0.09128102708694813 
0.0 0.0 
0.0 0.07147530792874239 
0.0 0.23020361990950225 
0.0 0.17316095846233232 
0.0 0.11595048629531389 
0.0 0.016577405338968433 
0.0 0.024444249444249444 
0.0 0.0 
0.0 0.09500218540302369 
0.0 0.0 
0.0 0.0 
0.0 0.10248768253756409 
0.0 0.022119682680027508 
0.0 0.19775641025641028 
0.0 0.1341517857142857 
0.0 0.0 
0.0 0.0 
0.0 0.0 
0.0 0.0 
0.0 0.0 
0.0 0.0 
0.0 0.0 
0.0 0.0 
0.0 0.09923957621326042 
0.0 0.07142857142857142 
0.0 0.11360119047619048 
0.0 0.0 
0.0 0.0 
0.0 0.02224708112861193 
0.0 0.06943530817344859 
0.0 0.0 
0.0 0.27254026610644255 
0.0 0.16431911187770562 
0.0 0.07858380155581293 
0.0 0.0 
0.0 0.11979166666666666 
0.0 0.0 
0.0 0.03347924050256708 
0.0 0.0 
0.0 0.025 
0.0 0.035173160173160176 
0.0 0.06493506493506493 
0.0 0.020833333333333332 
0.0 0.2738224637681159 
0.0 0.11617559523809523 
0.0 0.0 
0.0 0.0 
0.0 0.2139256894904631 
0.0 0.01903745644599303 
0.0 0.0 
0.0 0.08103694482600732 
0.0 0.0 
0.0 0.059153244631185806 
0.0 0.04191667018787402 
0.0 0.0 
0.0 0.07209542130881263 
0.0 0.0 
0.0 0.06941391941391942 
0.0 0.08974047844358293 
0.0 0.0 
0.0 0.0 
0.0 0.02355072463768116 
0.0 0.0 
0.0 0.0 
0.0 0.0 
0.0 0.0 
0.0 0.08351890756302521 
0.0 0.0656237468858781 
0.0 0.0 
0.0 0.07337074994097237 
0.0 0.3744326636904762 
0.0 0.07876169529395335 
0.0 0.09523809523809523 
0.0 0.021488095238095237 
0.0 0.11711309523809524 
0.0 0.17330259374565637 
0.0 0.051116071428571434 
0.0 0.004166666666666667 
0.0 0.0 
0.0 0.09631578947368422 
0.0 0.2676046774419574 
0.0 0.13517384517327802 
0.0 0.0 
0.0 0.0 
0.0 0.013820684523809523 
0.0 0.056818181818181816 
0.0 0.07653061224489796 
0.0 0.09543739279588337 
0.0 0.023439552100417975 
0.0 0.03046218487394958 
0.0 0.1070589133089133 
0.0 0.03816964285714286 
0.0 0.053615591397849466 
0.0 0.10254777568922305 
0.0 0.06720085470085471 
0.0 0.09733583137408569 
0.0 0.10733113318104581 
0.0 0.1366357968090959 
0.0 0.03214222610468799 
0.0 0.06737012987012986 
0.0 0.05458286116010373 
0.0 0.0 
0.0 0.0 
0.0 0.0 
0.0 0.0 
0.0 0.15095811051693403 
0.0 0.0 
0.0 0.23913755743525478 
0.0 0.03798189057710249 
0.0 0.020207892882311486 
0.0 0.0 
0.0 0.20073079332947755 
0.0 0.15 
0.0 0.0 
0.0 0.0 
0.0 0.0 
0.0 0.026646694862155387 
0.0 0.08910856009070295 
0.0 0.0 
0.0 0.19789186507936507 
0.0 0.05769374503126095 
0.0 0.14551735997602702 
0.0 0.07142857142857142 
0.0 0.13057742604617606 
0.0 0.023190720569752826 
0.0 0.041233360783514375 
0.0 0.0 
0.0 0.008617424242424242 
0.0 0.02513111888111888 
0.0 0.11501296405149695 
0.0 0.11911525974025974 
0.0 0.027176687464549064 
0.0 0.14989294814662463 
0.0 0.1747750946969697 
0.0 0.049542480035492456 
0.0 0.1177579365079365 
0.0 0.0 
0.0 0.08699942241047362 
0.0 0.2651027025815387 
0.0 0.16356514196587724 
0.0 0.12368616854636591 
0.0 0.08932539682539682 
0.0 0.12855339105339103 
0.0 0.10284580498866212 
0.0 0.06252342275938194 
0.0 0.0849702380952381 
0.0 0.0 
0.0 0.0015625 
0.0 0.0 
0.0 0.0 
0.0 0.0 
0.0 0.0 
0.0 0.0 
0.0 0.0 
0.0 0.04103024168813642 
0.0 0.5 
0.0 0.0 
0.0 0.0 
0.0 0.06316766175474255 
0.0 0.0 
0.0 0.13419349747474746 
0.0 0.03226529963232091 
0.0 0.06043956043956044 
0.0 0.05112433862433863 
0.0 0.0 
0.0 0.010573814655172414 
0.0 0.0 
0.0 0.0 
0.0 0.0 
0.0 0.02316849816849817 
0.0 0.11591583124477861 
0.0 0.12465641578249337 
0.0 0.0 
0.0 0.0 
0.0 0.06800474688523214 
0.0 0.0 
0.0 0.0 
0.0 0.03836325312618416 
0.0 0.0 
0.0 0.19072499405842191 
0.0 0.0 
0.0 0.11041666666666668 
0.0 0.0 
0.0 0.0 
0.0 0.0 
0.0 0.0 
0.0 0.022492146011882853 
0.0 0.06509972761663932 
0.0 0.09295850035564593 
0.0 0.0674793956043956 
0.0 0.06869824016563147 
0.0 0.05737618323191346 
0.0 0.0 
0.0 0.04960227272727273 
0.0 0.0 
0.0 0.0345093211941038 
0.0 0.03706578810904268 
0.0 0.0 
0.0 0.0 
0.0 0.05374159002207783 
0.0 0.06226053639846743 
0.0 0.0 
0.0 0.0 
0.0 0.0 
0.0 0.0 
0.0 0.0 
0.0 0.0 
0.0 0.024053945249597423 
0.0 0.20535714285714285 
0.0 0.0 
0.0 0.03614752647771516 
0.0 0.09600313161970866 
0.0 0.06968141398142508 
0.0 0.0 
0.0 0.14582304018445325 
0.0 0.059638278388278385 
0.0 0.0 
0.0 0.0 
0.0 0.0 
0.0 0.14967650238785773 
0.0 0.08589229179324756 
0.0 0.07648657031278983 
0.0 0.0843881761369446 
0.0 0.04955839748395203 
0.0 0.0 
0.0 0.0675184931884707 
0.0 0.08031401585024253 
0.0 0.0 
0.0 0.0 
0.0 0.0 
0.0 0.0 
0.0 0.0 
0.0 0.0 
0.0 0.06316171885079203 
0.0 0.1299468580623306 
0.0 0.0 
0.0 0.0 
0.0 0.03125 
0.0 0.0 
0.0 0.0 
0.0 0.0 
0.0 0.06182697510822511 
0.0 0.0 
0.0 0.0 
0.0 0.12817604355716877 
0.0 0.08890645237511814 
0.0 0.08230519480519481 
0.0 0.0 
0.0 0.0 
0.0 0.0 
0.0 0.13216765486035265 
0.0 0.08404356060606061 
0.0 0.0 
0.0 0.125 
0.0 0.05555555555555555 
0.0 0.041305916305916304 
0.0 0.06994047619047619 
0.0 0.07142857142857142 
0.0 0.1111111111111111 
0.0 0.1111111111111111 
0.0 0.0 
0.0 0.034722222222222224 
0.0 0.0 
0.0 0.0626306327669729 
0.0 0.054208378427128424 
0.0 0.0 
0.0 0.022907239819004527 
0.0 0.03443877551020408 
0.0 0.0 
0.0 0.025641764149828668 
0.0 0.0981574460022736 
0.0 0.1875 
0.0 0.2805989583333333 
0.0 0.10823863636363637 
0.0 0.04624624624624625 
0.0 0.17142857142857143 
0.0 0.0 
0.0 0.0 
0.0 0.11964357486875869 
0.0 0.018901411088911087 
0.0 0.05952380952380952 
0.0 0.1438988095238095 
0.0 0.0996194572581921 
0.0 0.05422042584476992 
0.0 0.08964382656816867 
0.0 0.03830662900784852 
0.0 0.015625 
0.0 0.0 
0.0 0.0 
0.0 0.08152607266865079 
0.0 0.06117022156084656 
0.0 0.07959338144692836 
0.0 0.0 
0.0 0.03942553781195452 
0.0 0.0 
0.0 0.00625 
0.0 0.0 
0.0 0.09364359824957652 
0.0 0.022107724668814895 
0.0 0.06644344443766617 
0.0 0.07366787624140565 
0.0 0.0 
0.0 0.07558847402597402 
0.0 0.09970180528691167 
0.0 0.0 
0.0 0.0 
0.0 0.025000270320301443 
0.0 0.0 
0.0 0.10491053628389155 
0.0 0.027651515151515153 
0.0 0.11397289355457735 
0.0 0.04395424836601307 
0.0 0.0 
0.0 0.0 
0.0 0.017857142857142856 
0.0 0.0 
0.0 0.02 
0.0 0.037411850130437976 
0.0 0.0 
0.0 0.03638487289349358 
0.0 0.05569658352641861 
0.0 0.05854557600232142 
0.0 0.0 
0.0 0.0 
0.0 0.07168222402597402 
0.0 0.2574175824175824 
0.0 0.09643075980392156 
0.0 0.0 
0.0 0.08333333333333333 
0.0 0.0 
0.0 0.046455515672880546 
0.0 0.0680725021426241 
0.0 0.07053918206643608 
0.0 0.086840086996337 
0.0 0.004464285714285714 
0.0 0.22120098039215685 
0.0 0.09834181774115128 
0.0 0.017400005908070424 
0.0 0.028846153846153848 
0.0 0.07192018507807982 
0.0 0.24479089881566662 
0.0 0.0703583453784891 
0.0 0.06136363636363637 
0.0 0.03692476004575195 
0.0 0.05834496225488091 
0.0 0.02982271802163488 
0.0 0.022205882352941176 
0.0 0.15208333333333335 
0.0 0.0 
0.0 0.0 
0.0 0.12851773199983654 
0.0 0.0 
0.0 0.015110259364291622 
0.0 0.020500591119331613 
0.0 0.059362345117123974 
0.0 0.0625 
0.0 0.0 
0.0 0.0673374613003096 
0.0 0.10479201695567619 
0.0 0.0 
0.0 0.02124087615815557 
0.0 0.06473214285714285 
0.0 0.11011904761904762 
0.0 0.04261363636363637 
0.0 0.6122445913461538 
0.0 0.061888864741298816 
0.0 0.037033262436488246 
0.0 0.0 
0.0 0.0 
0.0 0.18313953488372092 
0.0 0.27483111634076707 
0.0 0.04778836382113821 
0.0 0.023829843402211823 
0.0 0.0 
0.0 0.0 
0.0 0.06560301677489178 
0.0 0.17228951603951603 
0.0 0.08494462093013305 
0.0 0.10142537404637969 
0.0 0.13125 
0.0 0.3489583333333333 
0.0 0.0 
0.0 0.0 
0.0 0.0 
0.0 0.0 
0.0 0.0 
0.0 0.5741071428571429 
0.0 0.5947916666666666 
0.0 0.0 
0.0 0.020833333333333332 
0.0 0.046574455125114 
0.0 0.14579517704517703 
0.0 0.0 
0.0 0.23537058225273327 
0.0 0.047351078475080105 
0.0 0.0 
0.0 0.0 
0.0 0.18184851345017586 
0.0 0.024153116531165312 
0.0 0.027364369501466278 
0.0 0.05095340219421102 
0.0 0.07738095238095238 
0.0 0.029548235130935525 
0.0 0.0 
0.0 0.1912269715578539 
0.0 0.0 
0.0 0.0 
0.0 0.006097560975609756 
0.0 0.0 
0.0 0.020833333333333332 
0.0 0.34226190476190477 
0.0 0.2620967741935484 
0.0 0.09375 
0.0 0.0 
0.0 0.08456459021572592 
0.0 0.029047861323261915 
0.0 0.03140110003783042 
0.0 0.07643567548476882 
0.0 0.041051616949041594 
0.0 0.033255813953488374 
0.0 0.09779871544577427 
0.0 0.0 
0.0 0.15558943089430893 
0.0 0.0635838779956427 
0.0 0.03835227272727273 
0.0 0.06345813524158973 
0.0 0.036884145835924226 
0.0 0.10090073435536565 
0.0 0.033200791517323774 
0.0 0.0005580357142857143 
0.0 0.0 
0.0 0.04027326614470542 
0.0 0.07779782289839078 
0.0 0.0 
0.0 0.040397029313096716 
0.0 0.07218208294243299 
0.0 0.1490327380952381 
0.0 0.04309726731601731 
0.0 0.06597584706959707 
0.0 0.03485431763285024 
0.0 0.09899177029111239 
0.0 0.0 
0.0 0.14087412587412587 
0.0 0.1236133658008658 
0.0 0.06875450937950937 
0.0 0.01630184331797235 
0.0 0.2552083333333333 
0.0 0.11393229166666666 
0.0 0.024062928940977724 
0.0 0.1875 
0.0 0.13020833333333331 
0.0 0.6625 
0.0 0.125 
0.0 0.46354166666666663 
0.0 0.0 
0.0 0.3665154569892473 
0.0 0.0 
0.0 0.07019412878787878 
0.0 0.03345453123778247 
0.0 0.2610002701500127 
0.0 0.07166521193278491 
0.0 0.0 
0.0 0.0 
0.0 0.029220545977011493 
0.0 0.051491119821912505 
0.0 0.030681818181818185 
0.0 0.0 
0.0 0.10635300360952316 
0.0 0.20137987012987013 
0.0 0.08762400793650793 
0.0 0.0 
0.0 0.0 
0.0 0.0 
0.0 0.0 
0.0 0.0 
0.0 0.0 
0.0 0.0 
0.0 0.0 
0.0 0.0 
0.0 0.0 
0.0 0.11458333333333333 
0.0 0.416015625 
0.0 0.08027796703969448 
0.0 0.040464743589743585 
0.0 0.034508115696438066 
0.0 0.09506448412698412 
0.0 0.043175070896845094 
0.0 0.05514742906524216 
0.0 0.03535875372793018 
0.0 0.14334641053391053 
0.0 0.0 
0.0 0.04853479853479853 
0.0 0.0 
0.0 0.07163892674432504 
0.0 0.0 
0.0 0.0 
0.0 0.021928879310344828 
0.0 0.062361351883410715 
0.0 0.0 
0.0 0.0 
0.0 0.10384615384615384 
0.0 0.0 
0.0 0.0 
0.0 0.06859189011482959 
0.0 0.0 
0.0 0.0 
0.0 0.0 
0.0 0.02586262273762274 
0.0 0.11423319327731092 
0.0 0.0962562656641604 
0.0 0.016183035714285712 
0.0 0.47916666666666663 
0.0 0.05727763499940919 
0.0 0.059757566994409095 
0.0 0.0817391304347826 
0.0 0.03467612905112905 
0.0 0.0 
0.0 0.0 
0.0 0.0 
0.0 0.0 
0.0 0.11080109126984126 
0.0 0.08705586533032185 
0.0 0.02951195979054752 
0.0 0.044668542839274544 
0.0 0.0 
0.0 0.040691192865105905 
0.0 0.0 
0.0 0.0 
0.0 0.0 
0.0 0.0 
0.0 0.0 
0.0 0.0 
0.0 0.0 
0.0 0.04601599197971565 
0.0 0.07723267254621538 
0.0 0.08384808320040174 
0.0 0.0 
0.0 0.005 
0.0 0.03989937039359594 
0.0 0.0615203373015873 
0.0 0.0 
0.0 0.02 
0.0 0.0 
0.0 0.09772727272727272 
0.0 0.0 
0.0 0.0 
0.0 0.0234375 
0.0 0.0 
0.0 0.1623397435897436 
0.0 0.0 
0.0 0.0 
0.0 0.0 
0.0 0.0 
0.0 0.0 
0.0 0.0 
0.0 0.018152173913043478 
0.0 0.2769345238095238 
0.0 0.0 
0.0 0.2864473684210526 
0.0 0.0 
0.0 0.0 
0.0 0.0 
0.0 0.0 
0.0 0.0 
